Ambient Temperature(C): 21.0
Ambient Pressure(in Hg): 29.51
Time(s)	T1(Deg C)	Wall Temp(Deg C)	Top Plate(Deg C)	Bottom Plate(Deg C)	P1(PSI)	P2(PSI)	Mass Flowrate(g/min)	Heater Energy (kJ)

0.00	25.70	25.40	23.50	21.90	0.40	2.10	0.00	0.00
0.10	25.70	25.40	23.50	21.90	0.40	2.10	0.00	0.00
0.20	25.70	25.40	23.50	21.90	0.40	2.10	0.00	0.00
0.30	25.80	25.40	23.50	21.90	0.40	2.10	0.00	0.00
0.40	25.80	25.40	23.50	21.90	0.60	1.80	0.00	0.00
0.50	25.80	25.40	23.40	21.90	0.30	1.60	0.00	0.00
0.60	25.80	25.40	23.40	21.90	0.30	1.60	0.00	0.00
0.70	25.80	25.30	23.40	21.90	0.30	1.60	0.00	0.00
0.80	25.80	25.30	23.40	21.90	0.60	1.60	0.00	0.00
0.90	25.80	25.30	23.40	21.90	0.60	1.60	0.00	0.00
1.00	25.90	25.50	23.40	21.90	-1.30	1.90	0.00	0.00
1.10	25.90	25.50	23.40	21.90	0.40	2.10	0.00	0.00
1.20	26.00	25.40	23.40	22.00	0.40	2.10	0.00	0.00
1.30	26.00	25.40	23.40	22.00	0.60	1.90	0.00	0.00
1.40	26.00	25.40	23.40	22.00	0.30	1.60	0.00	0.00
1.50	25.70	25.30	23.40	21.80	0.30	1.60	0.00	0.00
1.60	25.70	25.30	23.40	21.80	0.70	2.30	0.00	0.00
1.70	25.90	25.40	23.50	21.80	0.40	2.30	0.00	0.00
1.80	25.90	25.40	23.50	21.80	0.40	2.30	0.00	0.00
1.90	25.90	25.50	23.50	22.00	0.40	2.30	0.00	0.00
2.00	25.90	25.50	23.50	22.00	0.60	1.50	0.00	0.00
2.10	25.90	25.50	23.50	22.00	0.60	1.50	0.00	0.00
2.20	25.70	25.50	23.40	21.90	0.30	1.80	0.00	0.00
2.30	25.70	25.50	23.40	21.90	0.30	1.80	0.00	0.00
2.40	25.80	25.30	23.40	21.90	0.60	1.60	0.00	0.00
2.50	25.80	25.30	23.40	21.90	0.70	1.80	0.00	0.00
2.60	25.80	25.30	23.40	21.90	0.60	1.80	0.00	0.00
2.70	25.90	25.50	23.50	22.00	0.10	1.50	0.00	0.00
2.80	25.90	25.50	23.50	22.00	0.10	1.50	0.00	0.00
2.90	25.80	25.40	23.50	21.90	0.30	1.80	0.00	0.00
3.00	25.80	25.40	23.50	21.90	0.90	2.30	0.00	0.00
3.10	25.90	25.40	23.50	21.90	0.90	2.30	0.00	0.00
3.20	25.90	25.40	23.50	21.90	0.30	1.80	0.00	0.00
3.30	25.90	25.40	23.50	21.90	0.30	1.80	0.00	0.00
3.40	25.90	25.40	23.50	21.90	0.60	1.90	0.00	0.00
3.50	25.90	25.40	23.50	21.90	0.60	1.90	0.00	0.00
3.60	26.00	25.50	23.60	22.00	0.60	1.90	0.00	0.00
3.70	26.00	25.50	23.60	22.00	0.40	1.50	0.00	0.00
3.80	25.80	25.30	23.50	22.00	0.40	1.50	0.00	0.00
3.90	25.80	25.30	23.50	22.00	0.60	2.60	0.00	0.00
4.00	25.80	25.30	23.50	22.00	0.40	2.30	0.00	0.00
4.10	25.80	25.50	23.40	21.90	0.40	2.30	0.00	0.00
4.20	25.80	25.50	23.40	21.90	0.90	2.40	0.00	0.00
4.30	25.70	25.40	23.20	21.90	0.90	2.40	0.00	0.00
4.40	25.70	25.40	23.20	21.90	0.70	2.10	0.00	0.00
4.50	25.70	25.40	23.20	21.90	0.60	3.00	0.00	0.00
4.60	25.80	25.30	23.40	21.90	0.30	1.90	0.00	0.00
4.70	25.80	25.30	23.40	21.90	0.30	1.90	0.00	0.00
4.80	25.90	25.50	23.50	22.00	0.70	1.60	0.00	0.00
4.90	25.90	25.50	23.50	22.00	1.20	2.40	0.00	0.00
5.00	25.20	25.20	23.30	21.90	1.20	2.40	0.00	0.00
5.10	25.20	25.20	23.30	21.90	3.20	1.90	0.00	0.00
5.20	25.20	25.20	23.30	21.90	3.20	1.90	0.00	0.00
5.30	26.50	25.60	23.70	22.00	3.20	1.90	0.00	0.00
5.40	26.50	25.60	23.70	22.00	2.60	2.40	0.00	0.00
5.50	26.50	25.60	23.70	22.00	2.60	1.90	0.00	0.00
5.60	26.70	25.40	23.50	22.00	2.60	1.90	0.00	0.00
5.70	26.70	25.40	23.50	22.00	2.60	1.90	0.00	0.00
5.80	26.90	25.50	23.60	22.20	2.70	2.60	0.00	0.00
5.90	26.90	25.50	23.60	22.20	2.70	2.60	0.00	0.00
6.00	26.80	25.30	23.40	21.90	1.90	2.30	0.00	0.00
6.10	26.80	25.30	23.40	21.90	1.90	2.30	0.00	0.00
6.20	26.80	25.30	23.40	21.90	2.60	2.10	0.00	0.00
6.30	26.60	25.30	23.40	21.90	2.60	2.10	0.00	0.00
6.40	26.60	25.30	23.40	21.90	2.40	2.10	0.00	0.00
6.50	26.70	25.40	23.40	22.00	2.30	2.10	0.00	0.00
6.60	26.70	25.40	23.40	22.00	2.30	2.10	0.00	0.00
6.70	26.50	25.50	23.50	21.90	2.30	2.40	0.00	0.00
6.80	26.50	25.50	23.50	21.90	2.30	2.40	0.00	0.00
6.90	26.50	25.50	23.50	21.90	2.90	2.30	0.00	0.00
7.00	26.50	25.30	23.40	21.90	2.90	2.30	0.00	0.00
7.10	26.50	25.30	23.40	21.90	2.90	2.30	0.00	0.00
7.20	26.50	25.40	23.50	21.80	2.70	2.30	0.00	0.00
7.30	26.50	25.40	23.50	21.80	2.70	2.30	0.00	0.00
7.40	26.50	25.40	23.50	21.80	2.40	2.10	0.00	0.00
7.50	26.30	25.50	23.50	22.00	2.60	2.60	0.00	0.00
7.60	26.30	25.50	23.50	22.00	2.60	2.60	0.00	0.00
7.70	26.30	25.20	23.30	21.80	2.40	2.30	0.00	0.00
7.80	26.30	25.20	23.30	21.80	2.40	2.40	0.00	0.00
7.90	26.30	25.20	23.30	21.80	2.30	2.30	0.00	0.00
8.00	26.30	25.40	23.50	22.10	2.30	2.30	0.00	0.00
8.10	26.30	25.40	23.50	22.10	2.90	2.30	0.00	0.00
8.20	26.20	25.40	23.30	21.90	2.90	2.30	0.00	0.00
8.30	26.20	25.40	23.30	21.90	2.40	2.70	0.00	0.00
8.40	26.20	25.40	23.30	21.90	2.40	2.10	0.00	0.00
8.50	26.10	25.40	23.50	21.90	2.30	1.90	0.00	0.00
8.60	26.10	25.40	23.50	21.90	2.30	1.90	0.00	0.00
8.70	26.20	25.30	23.30	21.80	2.30	1.90	0.00	0.00
8.80	26.20	25.30	23.30	21.80	2.30	1.90	0.00	0.00
8.90	26.00	25.30	23.40	21.80	2.10	2.40	0.00	0.00
9.00	26.00	25.30	23.40	21.80	2.10	2.40	0.00	0.00
9.10	26.00	25.30	23.40	21.80	2.30	2.10	24.39	0.00
9.20	26.00	25.30	23.40	21.90	2.70	2.40	36.28	0.00
9.30	26.00	25.30	23.40	21.90	2.70	2.40	56.46	0.00
9.40	26.00	25.30	23.40	21.90	3.00	1.90	22.26	0.00
9.50	26.30	25.30	23.30	21.80	3.20	2.40	25.55	0.00
9.60	26.30	25.30	23.30	21.80	3.20	2.40	23.44	0.00
9.70	26.50	25.40	23.50	21.90	2.90	1.90	21.11	0.00
9.80	26.50	25.40	23.50	21.90	3.80	2.30	52.02	0.00
9.90	26.50	25.40	23.50	21.90	3.60	2.70	30.51	0.00
10.00	26.60	25.50	23.50	21.90	3.60	2.70	32.11	0.00
10.10	26.60	25.50	23.50	21.90	3.60	2.10	31.36	0.00
10.20	26.90	25.30	23.50	22.00	3.80	1.60	18.61	0.00
10.30	26.90	25.30	23.50	22.00	3.80	1.60	49.54	0.00
10.40	26.90	25.30	23.50	22.00	3.80	1.60	36.48	0.00
10.50	27.00	25.40	23.40	21.90	3.90	2.10	23.04	0.00
10.60	27.00	25.40	23.40	21.90	3.90	2.10	3.90	0.00
10.70	27.50	25.40	23.50	22.00	4.40	2.40	51.92	0.00
10.80	27.50	25.40	23.50	22.00	4.40	2.40	22.33	0.00
10.90	27.50	25.40	23.50	22.00	5.00	2.10	30.04	0.00
11.00	27.40	25.30	23.40	21.80	4.70	2.60	19.69	0.00
11.10	27.40	25.30	23.40	21.80	4.70	2.60	40.74	0.00
11.20	27.40	25.30	23.40	21.80	5.20	2.60	18.22	0.00
11.30	27.50	25.40	23.40	21.90	5.20	2.60	23.14	0.00
11.40	27.50	25.40	23.40	21.90	4.60	2.30	25.82	0.00
11.50	27.60	25.50	23.30	21.80	5.20	1.80	62.05	0.00
11.60	27.60	25.50	23.30	21.80	5.20	1.80	26.98	0.00
11.70	27.60	25.50	23.30	21.80	5.60	1.60	28.17	0.00
11.80	27.70	25.40	23.40	21.80	5.00	2.30	13.20	0.00
11.90	27.70	25.40	23.40	21.80	5.00	2.30	61.08	0.00
12.00	27.70	25.40	23.40	21.80	5.50	2.30	14.01	0.00
12.10	28.00	25.30	23.40	21.90	5.50	2.30	62.41	0.00
12.20	28.00	25.30	23.40	21.90	5.50	2.30	22.31	0.00
12.30	28.00	25.40	23.50	21.80	5.50	2.30	19.95	0.00
12.40	28.00	25.40	23.50	21.80	5.90	2.60	51.35	0.00
12.50	28.00	25.40	23.50	21.80	6.40	2.10	34.23	0.00
12.60	28.10	25.40	23.50	21.90	6.40	2.10	27.55	0.00
12.70	28.10	25.40	23.50	21.90	6.10	2.40	42.49	0.00
12.80	28.10	25.50	23.50	22.00	6.60	1.90	33.06	0.00
12.90	28.10	25.50	23.50	22.00	6.60	1.90	20.90	0.00
13.00	28.10	25.50	23.50	22.00	6.30	1.60	35.09	0.00
13.10	28.30	25.50	23.60	22.00	6.70	1.90	25.47	0.00
13.20	28.30	25.50	23.60	22.00	6.70	1.90	18.42	0.00
13.30	28.30	25.50	23.60	22.00	6.40	2.30	26.07	0.00
13.40	28.10	25.30	23.40	21.90	6.40	2.30	25.68	0.00
13.50	28.10	25.30	23.40	21.90	6.70	1.90	33.18	0.00
13.60	28.30	25.40	23.50	22.00	6.70	2.30	1.54	0.00
13.70	28.30	25.40	23.50	22.00	6.70	2.30	29.43	0.00
13.80	28.30	25.50	23.50	21.90	6.90	2.10	35.45	0.00
13.90	28.30	25.50	23.50	21.90	6.90	2.10	19.55	0.00
14.00	28.30	25.50	23.50	21.90	6.90	2.10	52.70	0.00
14.10	28.30	25.40	23.60	22.00	7.60	1.60	30.30	0.00
14.20	28.30	25.40	23.60	22.00	7.60	1.60	27.54	0.00
14.30	28.30	25.40	23.60	22.00	7.30	2.30	45.62	0.00
14.40	28.20	25.30	23.50	21.80	7.30	2.30	10.10	0.00
14.50	28.20	25.30	23.50	21.80	7.60	2.40	26.37	0.00
14.60	28.50	25.50	23.40	22.00	7.50	2.30	49.82	0.00
14.70	28.50	25.50	23.40	22.00	7.50	2.30	53.19	0.00
14.80	28.50	25.50	23.40	22.00	8.10	2.40	13.44	0.00
14.90	28.70	25.40	23.50	22.00	8.10	2.10	40.67	0.00
15.00	28.70	25.40	23.50	22.00	8.10	2.10	56.74	0.00
15.10	28.50	25.40	23.40	22.00	8.60	2.60	53.43	0.00
15.20	28.50	25.40	23.40	22.00	8.90	2.40	16.91	0.00
15.30	28.50	25.40	23.40	22.00	8.90	2.40	30.20	0.00
15.40	28.50	25.30	23.50	21.80	8.90	2.70	44.52	0.00
15.50	28.50	25.30	23.50	21.80	8.90	2.70	59.92	0.00
15.60	28.50	25.30	23.50	21.80	8.70	2.60	24.32	0.00
15.70	28.70	25.40	23.60	21.90	8.70	2.60	31.68	0.00
15.80	28.70	25.40	23.60	21.90	8.70	2.60	51.72	0.00
15.90	28.70	25.40	23.60	21.90	8.90	2.30	26.23	0.00
16.00	28.60	25.30	23.30	21.80	9.20	2.10	22.12	0.00
16.10	28.60	25.30	23.30	21.80	9.20	2.10	30.72	0.00
16.20	28.80	25.40	23.50	22.00	9.20	2.40	53.08	0.00
16.30	28.80	25.40	23.50	22.00	9.20	2.40	52.89	0.00
16.40	28.80	25.40	23.50	22.00	9.60	2.30	40.84	0.00
16.50	28.60	25.30	23.40	21.90	9.60	2.40	17.50	0.00
16.60	28.60	25.30	23.40	21.90	9.60	2.40	50.64	0.00
16.70	28.60	25.30	23.40	21.90	9.80	2.10	18.09	0.00
16.80	28.50	25.20	23.30	21.80	9.80	2.10	21.86	0.00
16.90	28.50	25.20	23.30	21.80	9.90	2.30	35.71	0.00
17.00	28.80	25.50	23.60	22.00	10.10	1.50	14.50	0.00
17.10	28.80	25.50	23.60	22.00	10.10	1.50	55.10	0.00
17.20	28.80	25.50	23.60	22.00	10.30	2.10	9.33	0.00
17.30	28.70	25.40	23.40	21.90	10.30	2.10	19.20	0.00
17.40	28.70	25.40	23.40	21.90	10.40	2.10	21.98	0.00
17.50	28.80	25.50	23.50	22.00	10.40	2.10	29.49	0.00
17.60	28.80	25.50	23.50	22.00	10.40	2.10	47.81	0.00
17.70	28.60	25.20	23.40	21.80	10.40	1.90	52.88	0.00
17.80	28.60	25.20	23.40	21.80	10.40	1.90	36.59	0.00
17.90	28.60	25.20	23.40	21.80	10.90	1.90	58.99	0.00
18.00	28.80	25.40	23.50	21.80	11.30	2.30	32.42	0.00
18.10	28.80	25.40	23.50	21.80	11.30	2.30	31.52	0.00
18.20	28.90	25.30	23.50	21.90	11.30	2.70	47.25	0.00
18.30	28.90	25.30	23.50	21.90	11.30	2.70	50.79	0.00
18.40	28.90	25.30	23.50	21.90	11.20	2.30	15.34	0.00
18.50	28.80	25.30	23.50	21.90	11.20	2.30	41.53	0.00
18.60	28.80	25.30	23.50	21.90	11.80	2.40	19.17	0.00
18.70	28.90	25.40	23.30	21.90	11.20	2.30	26.95	0.00
18.80	28.90	25.40	23.30	21.90	11.20	2.30	19.67	0.00
18.90	28.90	25.40	23.30	21.90	11.50	2.10	23.15	0.00
19.00	29.00	25.40	23.50	21.90	12.10	2.10	46.73	0.00
19.10	29.00	25.40	23.50	21.90	12.10	2.10	18.34	0.00
19.20	29.00	25.40	23.40	21.90	12.10	2.30	37.01	0.00
19.30	29.00	25.40	23.40	21.90	12.10	2.30	18.26	0.00
19.40	29.00	25.40	23.40	21.90	12.10	2.30	25.86	0.00
19.50	29.00	25.40	23.50	21.80	12.40	2.10	26.83	0.00
19.60	29.00	25.40	23.50	21.80	12.40	2.10	40.68	0.00
19.70	29.00	25.40	23.40	21.90	12.70	2.40	49.73	0.00
19.80	29.00	25.40	23.40	21.90	12.70	2.40	53.45	0.00
19.90	29.00	25.40	23.40	21.90	12.70	1.80	53.01	0.00
20.00	29.10	25.30	23.50	21.90	13.00	1.80	25.61	0.00
20.10	29.10	25.30	23.50	21.90	13.00	1.80	24.22	0.00
20.20	29.10	25.30	23.50	21.90	13.20	2.30	49.55	0.00
20.30	29.00	25.40	23.50	22.00	13.20	2.30	18.90	0.00
20.40	29.00	25.40	23.50	22.00	13.20	1.90	40.80	0.00
20.50	29.10	25.30	23.40	21.90	13.60	2.30	37.27	0.00
20.60	29.10	25.30	23.40	21.90	13.60	2.30	19.87	0.00
20.70	29.10	25.30	23.40	21.90	13.30	1.90	21.93	0.00
20.80	29.10	25.30	23.40	21.90	13.30	1.90	27.55	0.00
20.90	29.10	25.30	23.40	21.90	13.60	2.10	44.62	0.00
21.00	29.20	25.30	23.50	21.90	13.80	2.60	6.17	0.00
21.10	29.20	25.30	23.50	21.90	13.80	2.60	20.92	0.00
21.20	29.20	25.30	23.60	21.90	13.80	2.60	34.88	0.00
21.30	29.20	25.30	23.60	21.90	13.80	2.60	48.83	0.00
21.40	29.20	25.30	23.60	21.90	14.60	2.30	35.32	0.00
21.50	29.00	25.30	23.40	22.00	13.90	1.90	14.35	0.00
21.60	29.00	25.30	23.40	22.00	13.90	1.90	22.05	0.00
21.70	29.10	25.30	23.40	22.00	14.40	2.30	31.51	0.00
21.80	29.10	25.30	23.40	22.00	14.40	2.30	35.65	0.00
21.90	29.10	25.30	23.40	22.00	14.90	2.40	17.58	0.00
22.00	29.20	25.30	23.40	21.90	15.50	2.10	19.49	0.00
22.10	29.20	25.30	23.40	21.90	15.50	2.10	28.31	0.00
22.20	29.20	25.30	23.40	21.90	15.20	2.40	31.47	0.00
22.30	29.10	25.30	23.40	22.00	15.20	2.40	47.77	0.00
22.40	29.10	25.30	23.40	22.00	14.90	2.40	23.74	0.00
22.50	29.20	25.30	23.50	21.90	14.90	2.10	29.40	0.00
22.60	29.20	25.30	23.50	21.90	14.90	2.10	33.65	0.00
22.70	29.20	25.30	23.50	21.90	15.00	2.40	38.62	0.00
22.80	29.10	25.40	23.40	21.90	15.60	2.10	42.27	0.00
22.90	29.10	25.40	23.40	21.90	15.60	2.10	16.82	0.00
23.00	29.10	25.30	23.40	21.90	15.60	2.10	17.29	0.00
23.10	29.10	25.30	23.40	21.90	15.60	2.10	23.99	0.00
23.20	29.10	25.30	23.40	21.90	15.60	2.10	36.42	0.00
23.30	29.20	25.30	23.50	21.90	15.60	2.10	35.77	0.00
23.40	29.20	25.30	23.50	21.90	15.60	2.60	22.54	0.00
23.50	29.20	25.30	23.50	21.90	15.80	2.40	26.37	0.00
23.60	29.20	25.40	23.50	21.90	15.80	2.40	18.42	0.00
23.70	29.20	25.40	23.50	21.90	16.30	2.90	22.66	0.00
23.80	29.20	25.30	23.60	22.00	16.40	2.60	48.17	0.00
23.90	29.20	25.30	23.60	22.00	16.40	2.60	34.38	0.00
24.00	29.20	25.30	23.60	22.00	16.30	2.40	50.10	0.00
24.10	29.30	25.30	23.40	21.90	16.30	2.40	55.47	0.00
24.20	29.30	25.30	23.40	21.90	16.40	2.10	52.37	0.00
24.30	29.20	25.30	23.40	21.80	16.40	2.10	27.16	0.00
24.40	29.20	25.30	23.40	21.80	17.00	2.30	49.88	0.00
24.50	29.20	25.30	23.40	21.80	16.90	1.90	49.31	0.00
24.60	29.20	25.40	23.50	21.90	16.90	1.90	8.89	0.00
24.70	29.20	25.40	23.50	21.90	16.90	2.40	20.81	0.00
24.80	29.20	25.20	23.40	21.70	16.90	2.40	13.41	0.00
24.90	29.20	25.20	23.40	21.70	16.90	2.40	19.89	0.00
25.00	29.30	25.40	23.50	21.90	17.00	1.80	30.20	0.00
25.10	29.30	25.40	23.50	21.90	17.00	1.80	15.82	0.00
25.20	29.30	25.40	23.50	21.90	17.30	2.40	18.36	0.00
25.30	29.10	25.30	23.40	21.70	17.30	2.40	22.37	0.00
25.40	29.10	25.30	23.40	21.70	17.80	2.30	24.26	0.00
25.50	29.10	25.30	23.40	21.70	18.10	1.90	28.21	0.00
25.60	29.30	25.40	23.60	22.00	18.10	1.90	18.91	0.00
25.70	29.30	25.40	23.60	22.00	17.60	2.40	24.53	0.00
25.80	29.30	25.20	23.50	21.90	18.30	2.40	45.81	0.00
25.90	29.30	25.20	23.50	21.90	18.30	2.40	54.05	0.00
26.00	29.30	25.30	23.50	22.00	17.90	2.10	4.87	0.00
26.10	29.30	25.30	23.50	22.00	17.90	2.10	21.73	0.00
26.20	29.30	25.30	23.50	22.00	18.60	2.30	24.59	0.00
26.30	29.20	25.30	23.40	21.90	18.60	2.30	27.47	0.00
26.40	29.20	25.30	23.40	21.90	18.40	2.40	16.73	0.00
26.50	29.20	25.30	23.40	21.90	18.70	1.90	17.71	0.00
26.60	29.30	25.30	23.40	22.00	18.70	1.90	17.71	0.00
26.70	29.30	25.30	23.40	22.00	18.70	1.90	50.84	0.00
26.80	29.10	25.20	23.50	21.80	18.70	1.90	7.38	0.00
26.90	29.10	25.20	23.50	21.80	18.90	2.40	22.41	0.00
27.00	29.20	25.30	23.30	21.80	19.00	1.90	54.72	0.00
27.10	29.20	25.30	23.30	21.80	19.00	1.90	39.37	0.00
27.20	29.20	25.30	23.30	21.80	19.20	2.40	22.18	0.00
27.30	29.20	25.30	23.50	21.90	19.20	2.40	18.10	0.00
27.40	29.20	25.30	23.50	21.90	19.30	2.10	42.85	0.00
27.50	29.20	25.30	23.50	21.90	19.30	1.90	21.29	0.00
27.60	29.30	25.40	23.50	21.80	19.30	1.90	27.31	0.00
27.70	29.30	25.40	23.50	21.80	19.60	1.90	38.29	0.00
27.80	29.30	25.40	23.40	21.90	19.50	2.30	58.60	0.00
27.90	29.30	25.40	23.40	21.90	19.50	2.30	48.90	0.00
28.00	29.30	25.40	23.50	21.90	20.10	2.30	38.33	0.00
28.10	29.30	25.40	23.50	21.90	20.10	2.30	29.24	0.00
28.20	29.30	25.40	23.50	21.90	20.30	2.10	37.40	0.00
28.30	29.40	25.50	23.60	22.00	20.30	2.10	47.12	0.00
28.40	29.40	25.50	23.60	22.00	20.70	0.90	3.74	0.00
28.50	29.30	25.30	23.50	21.90	20.70	0.90	52.13	0.00
28.60	29.30	25.30	23.50	21.90	20.70	0.90	56.10	0.00
28.70	29.30	25.30	23.50	21.90	20.60	2.10	20.32	0.00
28.80	29.50	25.40	23.50	21.90	20.60	2.10	25.17	0.00
28.90	29.50	25.40	23.50	21.90	20.90	1.60	26.21	0.00
29.00	29.50	25.40	23.50	21.90	21.00	2.10	39.69	0.00
29.10	29.40	25.30	23.40	21.90	21.00	2.10	16.88	0.00
29.20	29.40	25.30	23.40	21.90	20.70	2.30	35.20	0.00
29.30	29.40	25.30	23.40	21.90	20.70	2.30	47.22	0.00
29.40	29.30	25.40	23.50	21.90	21.00	2.30	30.67	0.00
29.50	29.30	25.40	23.50	21.90	21.00	2.30	16.79	0.00
29.60	29.30	25.40	23.50	21.90	21.80	1.90	21.99	0.00
29.70	29.30	25.40	23.50	21.90	21.60	2.60	21.26	0.00
29.80	29.30	25.40	23.50	21.90	21.60	2.60	42.68	0.00
29.90	29.30	25.40	23.50	21.90	21.20	2.40	51.78	0.00
30.00	29.30	25.30	23.40	21.80	21.60	2.30	41.33	0.00
30.10	29.30	25.30	23.40	21.80	21.60	2.30	24.19	0.00
30.20	29.30	25.30	23.40	21.80	21.80	2.90	26.77	0.00
30.30	29.30	25.40	23.40	21.90	21.80	2.90	30.93	0.00
30.40	29.30	25.40	23.40	21.90	21.80	2.90	52.55	0.00
30.50	29.30	25.40	23.40	21.90	22.30	2.60	21.71	0.00
30.60	29.20	25.40	23.50	21.90	22.30	2.60	16.01	0.00
30.70	29.20	25.40	23.50	21.90	22.30	1.90	32.31	0.00
30.80	29.20	25.40	23.50	21.90	22.40	2.10	28.50	0.00
30.90	29.40	25.40	23.50	21.90	22.40	2.10	36.46	0.00
31.00	29.40	25.40	23.50	21.90	22.70	2.30	4.40	0.00
31.10	29.30	25.30	23.40	21.90	22.70	2.10	16.87	0.00
31.20	29.30	25.30	23.40	21.90	22.70	2.10	51.49	0.00
31.30	29.30	25.30	23.40	21.90	22.70	2.10	7.71	0.00
31.40	29.20	25.30	23.50	21.90	22.40	1.90	21.44	0.00
31.50	29.20	25.30	23.50	21.90	22.90	2.60	21.66	0.00
31.60	29.20	25.30	23.50	21.90	23.20	2.40	32.62	0.00
31.70	29.40	25.30	23.40	21.90	23.20	2.40	50.06	0.00
31.80	29.40	25.30	23.40	21.90	23.30	2.10	31.10	0.00
31.90	29.20	25.30	23.40	21.90	23.60	2.70	17.35	0.00
32.00	29.20	25.30	23.40	21.90	23.60	2.70	17.50	0.00
32.10	29.30	25.30	23.50	21.90	23.60	2.70	41.37	0.00
32.20	29.30	25.30	23.50	21.90	23.60	2.70	4.39	0.00
32.30	29.30	25.30	23.50	21.90	23.60	2.10	20.41	0.00
32.40	29.30	25.30	23.50	21.90	23.60	2.10	21.68	0.00
32.50	29.30	25.30	23.50	21.90	23.80	1.60	22.97	0.00
32.60	29.20	25.30	23.50	21.90	23.80	1.90	47.37	0.00
32.70	29.20	25.30	23.50	21.90	23.80	1.90	52.47	0.00
32.80	29.20	25.30	23.50	21.90	23.90	2.10	24.54	0.00
32.90	29.30	25.30	23.40	21.80	24.30	2.30	17.76	0.00
33.00	29.30	25.30	23.40	21.80	24.30	2.30	14.48	0.00
33.10	29.40	25.30	23.40	21.90	24.60	2.30	23.47	0.00
33.20	29.40	25.30	23.40	21.90	24.60	2.30	18.47	0.00
33.30	29.40	25.30	23.40	21.90	24.60	2.10	19.80	0.00
33.40	29.20	25.20	23.50	21.90	24.60	2.10	18.73	0.00
33.50	29.20	25.20	23.50	21.90	24.60	1.90	20.64	0.00
33.60	29.40	25.40	23.50	21.90	24.90	2.40	39.10	0.00
33.70	29.40	25.40	23.50	21.90	24.90	2.40	13.07	0.00
33.80	29.40	25.40	23.50	21.90	25.20	2.40	46.73	0.00
33.90	29.40	25.20	23.50	21.90	25.20	2.40	28.66	0.00
34.00	29.40	25.20	23.50	21.90	25.20	2.40	52.62	0.00
34.10	29.50	25.30	23.50	22.00	25.20	2.30	15.77	0.00
34.20	29.50	25.30	23.50	22.00	25.20	2.30	18.27	0.00
34.30	29.50	25.30	23.50	22.00	25.50	2.40	18.94	0.00
34.40	29.40	25.30	23.40	21.90	25.50	2.40	23.38	0.00
34.50	29.40	25.30	23.40	21.90	25.00	2.30	57.19	0.00
34.60	29.30	25.10	23.30	21.80	25.50	1.90	18.40	0.00
34.70	29.30	25.10	23.30	21.80	25.50	1.90	49.66	0.00
34.80	29.30	25.40	23.50	21.90	25.00	2.90	53.43	0.00
34.90	29.30	25.40	23.50	21.90	25.00	2.90	17.20	0.00
35.00	29.30	25.40	23.50	21.90	26.30	2.40	45.32	0.00
35.10	29.30	25.30	23.50	21.80	25.90	2.30	6.56	0.00
35.20	29.30	25.30	23.50	21.80	25.90	2.30	41.07	0.00
35.30	29.30	25.30	23.50	21.80	26.40	2.70	53.97	0.00
35.40	29.40	25.20	23.40	21.80	26.40	2.70	3.77	0.00
35.50	29.40	25.20	23.40	21.80	26.30	2.40	41.65	0.00
35.60	29.30	25.30	23.50	21.90	26.40	1.90	55.39	0.00
35.70	29.30	25.30	23.50	21.90	26.40	1.90	45.99	0.00
35.80	29.40	25.30	23.50	22.00	26.40	1.90	17.03	0.00
35.90	29.40	25.30	23.50	22.00	26.40	1.90	28.06	0.00
36.00	29.40	25.30	23.50	22.00	25.90	1.90	35.45	0.00
36.10	29.30	25.20	23.50	21.90	26.70	2.30	24.98	0.00
36.20	29.30	25.20	23.50	21.90	26.70	2.30	48.72	0.00
36.30	29.30	25.20	23.50	21.90	27.00	2.30	12.23	0.00
36.40	29.30	25.30	23.40	21.90	27.00	2.30	19.32	0.00
36.50	29.30	25.30	23.40	21.90	26.90	2.30	20.31	0.00
36.60	29.30	25.10	23.20	21.80	26.90	2.30	19.06	0.00
36.70	29.30	25.10	23.20	21.80	27.50	2.40	20.07	0.00
36.80	29.40	25.30	23.60	21.90	27.30	2.70	44.16	0.00
36.90	29.40	25.30	23.60	21.90	27.30	2.70	41.64	0.00
37.00	29.40	25.30	23.60	21.90	27.30	2.10	40.28	0.00
37.10	29.40	25.30	23.50	21.80	27.60	2.10	6.52	0.00
37.20	29.40	25.30	23.50	21.80	27.60	2.10	15.72	0.00
37.30	29.40	25.30	23.50	21.80	27.90	1.80	44.00	0.00
37.40	29.30	25.20	23.40	21.80	27.90	1.80	10.53	0.00
37.50	29.30	25.20	23.40	21.80	28.30	2.10	29.51	0.00
37.60	29.20	25.20	23.40	21.80	28.30	2.10	3.72	0.00
37.70	29.20	25.20	23.40	21.80	28.30	2.10	28.82	0.00
37.80	29.20	25.30	23.50	21.90	28.30	2.30	33.08	0.00
37.90	29.20	25.30	23.50	21.90	28.30	2.30	42.45	0.00
38.00	29.20	25.30	23.50	21.90	28.30	2.40	35.98	0.00
38.10	29.40	25.40	23.50	22.00	26.60	2.30	20.61	0.00
38.20	29.40	25.40	23.50	22.00	26.60	2.30	22.37	0.00
38.30	29.40	25.40	23.50	22.00	28.40	2.10	27.35	0.00
38.40	29.30	25.30	23.60	21.90	28.40	2.10	34.70	0.00
38.50	29.30	25.30	23.60	21.90	28.70	1.90	39.96	0.00
38.60	29.30	25.30	23.60	21.90	28.40	2.60	13.23	0.00
38.70	29.30	25.40	23.50	21.90	29.00	0.30	21.60	0.00
38.80	29.30	25.40	23.50	21.90	29.00	0.30	45.36	0.00
38.90	29.30	25.30	23.60	21.90	29.50	2.10	35.71	0.00
39.00	29.30	25.30	23.60	21.90	29.50	2.10	7.16	0.00
39.10	29.30	25.30	23.60	21.90	28.90	1.90	34.88	0.00
39.20	29.40	25.40	23.50	21.90	29.00	2.10	48.99	0.00
39.30	29.40	25.40	23.50	21.90	29.00	2.10	51.11	0.00
39.40	29.40	25.40	23.50	21.90	29.00	2.10	4.74	0.00
39.50	29.40	25.40	23.50	22.00	29.00	2.10	49.01	0.00
39.60	29.40	25.40	23.50	22.00	29.50	2.10	34.54	0.00
39.70	29.30	25.40	23.50	21.90	29.60	2.10	52.71	0.00
39.80	29.30	25.40	23.50	21.90	29.60	2.10	44.28	0.00
39.90	29.30	25.40	23.50	21.90	30.10	2.60	21.32	0.00
40.00	29.30	25.40	23.50	22.00	29.90	2.30	47.49	0.00
40.10	29.30	25.40	23.50	22.00	29.90	2.30	57.39	0.00
40.20	29.30	25.40	23.50	22.00	30.10	2.60	37.15	0.00
40.30	29.20	25.30	23.50	21.90	30.10	2.60	55.74	0.00
40.40	29.20	25.30	23.50	21.90	30.10	2.60	7.25	0.00
40.50	29.20	25.30	23.50	21.90	30.60	2.30	25.65	0.00
40.60	29.30	25.40	23.40	21.90	30.60	2.30	26.95	0.00
40.70	29.30	25.40	23.40	21.90	31.00	2.10	40.50	0.00
40.80	29.30	25.40	23.40	21.90	30.40	2.10	38.44	0.00
40.90	29.30	25.30	23.50	22.00	30.40	2.10	52.56	0.00
41.00	29.30	25.30	23.50	22.00	30.90	2.10	20.58	0.00
41.10	29.10	25.30	23.40	21.90	30.90	2.10	29.48	0.00
41.20	29.10	25.30	23.40	21.90	30.90	2.10	32.56	0.00
41.30	29.40	25.30	23.50	21.90	30.90	2.10	3.79	0.00
41.40	29.40	25.30	23.50	21.90	30.60	2.30	37.83	0.00
41.50	29.40	25.30	23.50	21.90	31.00	2.40	57.34	0.00
41.60	29.20	25.20	23.40	21.90	31.50	2.60	8.21	0.00
41.70	29.20	25.20	23.40	21.90	31.50	2.60	16.85	0.00
41.80	29.10	25.10	23.30	21.80	31.60	1.30	40.71	0.00
41.90	29.10	25.10	23.30	21.80	31.60	1.30	44.19	0.00
42.00	29.10	25.10	23.30	21.80	32.10	1.90	32.81	0.00
42.10	29.30	25.20	23.50	21.70	31.50	2.30	10.63	0.00
42.20	29.30	25.20	23.50	21.70	31.50	2.30	40.77	0.00
42.30	29.30	25.20	23.50	21.70	31.90	1.80	17.89	0.00
42.40	29.30	25.40	23.60	22.00	31.90	1.80	50.06	0.00
42.50	29.30	25.40	23.60	22.00	31.80	2.30	18.93	0.00
42.60	29.30	25.40	23.60	22.00	32.60	2.10	17.45	0.00
42.70	29.30	25.40	23.60	22.00	32.60	2.10	22.41	0.00
42.80	29.30	25.40	23.60	22.00	32.30	2.30	35.14	0.00
42.90	29.20	25.30	23.60	22.00	32.30	2.30	20.96	0.00
43.00	29.20	25.30	23.60	22.00	32.30	2.30	15.34	0.00
43.10	29.30	25.30	23.50	21.90	32.70	2.60	19.93	0.00
43.20	29.30	25.30	23.50	21.90	32.30	2.60	55.07	0.00
43.30	29.30	25.30	23.50	21.90	32.30	2.60	8.42	0.00
43.40	29.30	25.40	23.50	21.90	32.60	2.10	47.79	0.00
43.50	29.30	25.40	23.50	21.90	32.60	2.10	45.86	0.00
43.60	29.30	25.40	23.50	21.90	32.60	2.30	14.16	0.00
43.70	29.20	25.30	23.40	21.90	33.00	2.30	33.73	0.00
43.80	29.20	25.30	23.40	21.90	33.00	2.30	31.94	0.00
43.90	29.20	25.30	23.40	21.90	33.20	2.10	35.48	0.00
44.00	29.30	25.20	23.50	21.90	33.20	1.90	31.71	0.00
44.10	29.30	25.20	23.50	21.90	33.20	1.90	39.83	0.00
44.20	29.30	25.20	23.50	21.90	33.50	1.80	35.57	0.00
44.30	29.30	25.20	23.50	21.90	33.50	1.80	43.10	0.00
44.40	29.30	25.20	23.50	21.90	33.50	1.80	24.25	0.00
44.50	29.30	25.30	23.50	22.00	33.50	2.30	2.88	0.00
44.60	29.30	25.30	23.50	22.00	33.30	2.10	29.74	0.00
44.70	29.30	25.30	23.50	22.00	33.30	2.10	34.80	0.00
44.80	29.30	25.30	23.40	21.90	33.30	2.10	47.22	0.00
44.90	29.30	25.30	23.40	21.90	33.30	2.10	32.24	0.00
45.00	29.30	25.30	23.40	21.90	34.10	2.10	13.23	0.00
45.10	29.30	25.30	23.50	21.90	34.10	2.10	34.63	0.00
45.20	29.30	25.30	23.50	21.90	34.10	2.10	21.86	0.00
45.30	29.20	25.30	23.40	21.90	33.90	2.10	9.33	0.00
45.40	29.20	25.30	23.40	21.90	33.90	2.10	27.58	0.00
45.50	29.20	25.30	23.40	21.90	34.40	2.10	48.70	0.00
45.60	29.20	25.30	23.40	21.90	34.40	2.30	16.81	0.00
45.70	29.20	25.30	23.40	21.90	34.40	2.30	39.95	0.00
45.80	29.30	25.20	23.50	22.00	34.40	2.40	47.63	0.00
45.90	29.30	25.20	23.50	22.00	34.40	2.40	55.71	0.00
46.00	29.30	25.20	23.50	22.00	35.00	1.90	22.21	0.00
46.10	29.20	25.20	23.40	21.80	34.60	2.30	52.16	0.00
46.20	29.20	25.20	23.40	21.80	34.60	2.30	53.72	0.00
46.30	29.20	25.20	23.40	21.80	34.90	2.10	15.89	0.00
46.40	29.20	25.20	23.50	21.90	34.90	2.10	25.34	0.00
46.50	29.20	25.20	23.50	21.90	35.20	2.40	43.89	0.00
46.60	29.20	25.10	23.60	21.80	35.20	2.40	32.84	0.00
46.70	29.20	25.10	23.60	21.80	35.20	2.40	31.46	0.00
46.80	29.20	25.30	23.50	21.90	35.60	2.30	33.82	0.00
46.90	29.20	25.30	23.50	21.90	35.60	2.30	38.20	0.00
47.00	29.40	25.40	23.60	22.10	35.80	2.10	14.41	0.00
47.10	29.40	25.40	23.60	22.10	35.80	2.10	35.40	0.00
47.20	29.40	25.40	23.60	22.10	35.80	1.80	44.32	0.00
47.30	29.30	25.20	23.40	22.00	36.30	2.30	37.24	0.00
47.40	29.30	25.20	23.40	22.00	36.30	2.30	46.09	0.00
47.50	29.30	25.20	23.40	22.00	36.10	2.40	42.23	0.00
47.60	29.20	25.10	23.30	21.90	36.60	2.60	19.84	0.00
47.70	29.20	25.10	23.30	21.90	36.60	2.60	37.78	0.00
47.80	29.20	25.20	23.40	21.80	36.40	2.60	42.13	0.00
47.90	29.20	25.20	23.40	21.80	36.40	2.60	57.28	0.00
48.00	29.20	25.20	23.40	21.80	36.40	2.10	36.85	0.00
48.10	29.10	25.20	23.30	21.90	36.40	2.10	48.46	0.00
48.20	29.10	25.20	23.30	21.90	36.70	2.30	52.32	0.00
48.30	29.10	25.20	23.30	21.90	36.70	2.30	56.37	0.00
48.40	29.40	25.30	23.50	22.00	37.20	2.10	15.05	0.00
48.50	29.40	25.30	23.50	22.00	37.20	2.10	35.74	0.00
48.60	29.40	25.30	23.50	22.00	37.20	2.10	40.09	0.00
48.70	29.20	25.30	23.40	21.90	36.70	2.30	36.35	0.00
48.80	29.20	25.30	23.40	21.90	37.20	1.50	21.54	0.00
48.90	29.20	25.30	23.40	21.90	37.80	2.30	25.16	0.00
49.00	29.20	25.30	23.50	21.80	37.80	2.30	37.47	0.00
49.10	29.20	25.30	23.50	21.80	37.90	2.60	34.11	0.00
49.20	29.30	25.10	23.40	21.80	37.80	1.90	18.99	0.00
49.30	29.30	25.10	23.40	21.80	37.80	1.90	53.77	0.00
49.40	29.30	25.20	23.50	21.90	37.60	2.70	38.23	0.00
49.50	29.30	25.20	23.50	21.90	37.60	2.70	56.81	0.00
49.60	29.30	25.20	23.50	21.90	37.80	2.10	48.33	0.00
49.70	29.20	25.10	23.50	21.80	38.10	2.30	20.99	0.00
49.80	29.20	25.10	23.50	21.80	38.10	2.30	29.72	0.00
49.90	29.20	25.10	23.50	21.80	38.60	2.40	15.06	0.00
50.00	29.30	25.30	23.50	22.00	38.30	1.80	36.95	0.00
50.10	29.30	25.30	23.50	22.00	38.30	1.80	57.01	0.00
50.20	29.30	25.30	23.50	22.00	38.30	1.80	33.60	0.00
50.30	29.30	25.20	23.40	21.90	38.30	1.80	3.91	0.00
50.40	29.30	25.20	23.40	21.90	38.40	2.30	18.03	0.00
50.50	29.50	25.30	23.50	21.90	38.40	2.30	14.68	0.00
50.60	29.50	25.30	23.50	21.90	38.90	1.30	18.25	0.00
50.70	29.10	25.20	23.30	21.80	38.70	2.30	25.52	0.00
50.80	29.10	25.20	23.30	21.80	38.70	2.30	14.75	0.00
50.90	29.30	25.40	23.50	22.00	39.20	2.10	17.38	0.00
51.00	29.30	25.40	23.50	22.00	39.20	2.10	14.98	0.00
51.10	29.30	25.40	23.50	22.00	39.20	2.40	35.09	0.00
51.20	29.30	25.30	23.50	21.90	38.90	2.30	19.19	0.00
51.30	29.30	25.30	23.50	21.90	38.90	2.30	35.24	0.00
51.40	29.30	25.30	23.50	21.90	39.60	1.90	3.93	0.00
51.50	29.30	25.30	23.40	21.90	39.80	2.10	32.06	0.00
51.60	29.30	25.30	23.40	21.90	39.80	2.10	21.80	0.00
51.70	29.30	25.30	23.40	21.90	39.60	2.70	24.69	0.00
51.80	29.30	25.20	23.40	21.90	39.60	1.60	29.59	0.00
51.90	29.30	25.20	23.40	21.90	39.60	1.60	26.94	0.00
52.00	29.40	25.30	23.50	21.90	39.60	1.60	3.33	0.00
52.10	29.40	25.30	23.50	21.90	39.60	1.60	28.27	0.00
52.20	29.40	25.30	23.50	21.90	40.10	1.20	27.16	0.00
52.30	29.20	25.20	23.40	21.90	40.10	1.20	21.42	0.00
52.40	29.20	25.20	23.40	21.90	40.90	1.80	14.73	0.00
52.50	29.20	25.20	23.40	21.90	40.40	2.30	35.14	0.00
52.60	29.20	25.10	23.40	21.80	40.40	2.30	41.18	0.00
52.70	29.20	25.10	23.40	21.80	40.70	2.40	3.56	0.00
52.80	29.30	25.40	23.60	22.00	40.70	2.40	37.05	0.00
52.90	29.30	25.40	23.60	22.00	40.60	2.40	51.24	0.00
53.00	29.40	25.30	23.50	22.00	40.40	1.80	3.66	0.00
53.10	29.40	25.30	23.50	22.00	40.40	1.80	15.56	0.00
53.20	29.40	25.30	23.50	22.00	40.60	2.30	0.70	0.00
53.30	29.20	25.30	23.40	21.90	40.70	2.30	20.23	0.00
53.40	29.20	25.30	23.40	21.90	40.70	2.30	42.10	0.00
53.50	29.20	25.30	23.40	21.90	41.50	2.30	35.70	0.00
53.60	29.20	25.30	23.50	21.90	41.50	2.30	24.94	0.00
53.70	29.20	25.30	23.50	21.90	40.90	1.90	22.25	0.00
53.80	29.20	25.20	23.50	21.90	40.90	1.90	23.31	0.00
53.90	29.20	25.20	23.50	21.90	40.90	1.90	21.51	0.00
54.00	29.20	25.20	23.50	21.90	41.50	2.60	12.41	0.00
54.10	29.00	25.20	23.40	21.80	41.50	2.40	13.88	0.00
54.20	29.00	25.20	23.40	21.80	41.50	2.40	48.19	0.00
54.30	29.00	25.20	23.40	21.80	41.50	1.60	3.63	0.00
54.40	29.10	25.30	23.40	21.90	41.50	1.60	29.22	0.00
54.50	29.10	25.30	23.40	21.90	42.10	1.60	48.58	0.00
54.60	29.10	25.30	23.40	21.90	41.90	2.30	18.88	0.00
54.70	28.90	25.10	23.40	21.90	41.90	2.30	16.22	0.00
54.80	28.90	25.10	23.40	21.90	42.10	2.10	36.83	0.00
54.90	29.10	25.10	23.40	21.80	42.10	2.10	16.23	0.00
55.00	29.10	25.10	23.40	21.80	42.10	2.30	44.19	0.00
55.10	29.30	25.20	23.50	21.90	42.40	2.30	36.62	0.00
55.20	29.30	25.20	23.50	21.90	42.40	2.30	28.63	0.00
55.30	29.30	25.20	23.50	21.90	42.40	2.10	28.23	0.00
55.40	29.10	25.10	23.30	21.80	42.40	2.10	37.75	0.00
55.50	29.10	25.10	23.30	21.80	42.60	1.90	25.24	0.00
55.60	29.10	25.10	23.30	21.80	42.60	1.90	10.05	0.00
55.70	29.20	25.20	23.40	21.90	42.60	1.90	33.74	0.00
55.80	29.20	25.20	23.40	21.90	42.90	2.40	46.28	0.00
55.90	29.10	25.30	23.50	21.80	42.90	2.40	44.09	0.00
56.00	29.10	25.30	23.50	21.80	43.00	2.30	3.58	0.00
56.10	29.10	25.20	23.50	21.90	43.30	2.30	48.52	0.00
56.20	29.10	25.20	23.50	21.90	43.30	2.30	39.75	0.00
56.30	29.10	25.20	23.50	21.90	43.30	1.90	3.68	0.00
56.40	29.20	25.30	23.50	22.00	43.30	1.90	35.83	0.00
56.50	29.20	25.30	23.50	22.00	43.50	2.60	58.42	0.00
56.60	29.20	25.30	23.50	22.00	43.90	2.10	4.44	0.00
56.70	29.20	25.30	23.50	22.00	43.90	2.10	19.38	0.00
56.80	29.20	25.30	23.50	22.00	43.80	2.10	30.43	0.00
56.90	29.10	25.10	23.40	21.80	43.80	2.10	42.40	0.00
57.00	29.10	25.10	23.40	21.80	43.90	2.40	27.98	0.00
57.10	29.20	25.20	23.50	21.90	44.10	1.90	38.97	0.00
57.20	29.20	25.20	23.50	21.90	44.10	1.90	29.10	0.00
57.30	29.20	25.20	23.50	21.90	43.80	2.10	14.52	0.00
57.40	29.20	25.10	23.60	21.90	43.80	2.10	56.29	0.00
57.50	29.20	25.10	23.60	21.90	43.80	2.10	31.60	0.00
57.60	29.10	25.30	23.50	21.80	44.30	2.30	40.72	0.00
57.70	29.10	25.30	23.50	21.80	44.30	2.30	18.75	0.00
57.80	29.30	25.30	23.50	22.00	44.90	2.40	40.75	0.00
57.90	29.30	25.30	23.50	22.00	44.90	2.40	5.28	0.00
58.00	29.30	25.30	23.50	22.00	44.90	2.10	17.16	0.00
58.10	29.20	25.20	23.60	21.90	44.90	2.10	23.47	0.00
58.20	29.20	25.20	23.60	21.90	44.60	2.10	43.64	0.00
58.30	29.20	25.20	23.60	21.90	44.60	2.10	8.48	0.00
58.40	29.20	25.30	23.50	21.90	44.70	2.10	43.63	0.00
58.50	29.20	25.30	23.50	21.90	44.70	2.10	43.97	0.00
58.60	29.20	25.30	23.50	21.90	45.20	2.70	23.03	0.00
58.70	29.00	25.10	23.40	21.80	45.30	2.30	42.62	0.00
58.80	29.00	25.10	23.40	21.80	45.30	2.30	29.94	0.00
58.90	29.00	25.10	23.40	21.80	45.60	2.60	27.18	0.00
59.00	29.20	25.30	23.40	21.90	45.60	2.60	22.97	0.00
59.10	29.20	25.30	23.40	21.90	45.50	1.80	19.78	0.00
59.20	29.10	25.20	23.40	21.80	45.80	2.70	15.39	0.00
59.30	29.10	25.20	23.40	21.80	45.80	2.70	19.32	0.00
59.40	29.10	25.20	23.40	21.80	45.80	2.70	16.14	0.00
59.50	29.10	25.30	23.50	21.90	45.80	2.70	20.35	0.00
59.60	29.10	25.30	23.50	21.90	46.10	2.40	18.45	0.00
59.70	29.10	25.30	23.50	21.90	46.30	2.30	47.95	0.00
59.80	29.10	25.30	23.70	22.10	46.30	2.30	51.22	0.00
59.90	29.10	25.30	23.70	22.10	45.90	2.40	33.85	0.00
60.00	29.10	25.20	23.50	22.00	45.90	2.40	33.40	0.00
60.10	29.10	25.20	23.50	22.00	46.60	2.30	6.78	0.00
60.20	29.10	25.20	23.50	22.00	46.60	2.30	24.63	0.00
60.30	29.10	25.30	23.50	22.00	46.60	1.90	2.42	0.00
60.40	29.10	25.30	23.50	22.00	46.60	1.90	20.96	0.00
60.50	29.10	25.20	23.60	21.80	46.90	2.40	1.89	0.00
60.60	29.10	25.20	23.60	21.80	46.90	2.40	17.90	0.00
60.70	29.10	25.20	23.60	21.80	46.90	2.10	42.78	0.00
60.80	29.00	25.20	23.50	22.00	47.30	2.10	33.15	0.00
60.90	29.00	25.20	23.50	22.00	47.30	2.10	19.04	0.00
61.00	29.00	25.20	23.50	22.00	47.30	2.30	38.37	0.00
61.10	29.00	25.10	23.40	21.80	47.00	2.30	54.14	0.00
61.20	29.00	25.10	23.40	21.80	47.00	2.30	23.49	0.00
61.30	29.00	25.10	23.40	21.80	47.00	2.30	17.27	0.00
61.40	29.00	25.30	23.50	21.90	47.00	2.30	46.89	0.00
61.50	29.00	25.30	23.50	21.90	47.60	2.40	55.10	0.00
61.60	29.00	25.30	23.50	21.90	47.60	2.40	9.64	0.00
61.70	29.00	25.20	23.50	21.80	47.60	1.90	42.56	0.00
61.80	29.00	25.20	23.50	21.80	47.90	2.30	23.50	0.00
61.90	29.00	25.20	23.50	21.90	47.90	2.30	25.42	0.00
62.00	29.00	25.20	23.50	21.90	48.60	1.90	21.88	0.00
62.10	29.20	25.30	23.50	21.90	48.60	1.90	19.77	0.00
62.20	29.20	25.30	23.50	21.90	48.10	2.10	19.31	0.00
62.30	29.20	25.30	23.50	21.90	48.10	2.10	19.55	0.00
62.40	29.10	25.30	23.50	22.00	48.10	1.90	20.21	0.00
62.50	29.10	25.30	23.50	22.00	48.10	1.90	14.58	0.00
62.60	29.10	25.30	23.50	22.00	48.40	1.90	50.71	0.00
62.70	29.10	25.20	23.50	22.10	48.90	-0.10	54.37	0.00
62.80	29.10	25.20	23.50	22.10	48.90	-0.10	4.38	0.00
62.90	28.90	25.20	23.40	21.80	48.60	2.40	16.99	0.00
63.00	28.90	25.20	23.40	21.80	48.60	2.40	32.43	0.00
63.10	28.90	25.20	23.40	21.80	48.90	2.30	28.69	0.00
63.20	28.90	25.20	23.50	21.90	48.90	2.30	15.13	0.00
63.30	28.90	25.20	23.50	21.90	48.90	2.30	31.86	0.00
63.40	28.90	25.20	23.60	21.90	49.00	2.10	38.31	0.00
63.50	28.90	25.20	23.60	21.90	49.00	2.10	24.44	0.00
63.60	29.10	25.10	23.60	22.00	49.30	2.90	29.11	0.00
63.70	29.10	25.10	23.60	22.00	49.30	2.90	41.97	0.00
63.80	29.10	25.10	23.60	22.00	49.80	1.90	7.81	0.00
63.90	29.00	25.30	23.50	21.90	49.80	1.90	41.35	0.00
64.00	29.00	25.30	23.50	21.90	49.60	1.90	10.23	0.00
64.10	29.00	25.20	23.50	21.90	49.60	1.90	32.35	0.00
64.20	29.00	25.20	23.50	21.90	49.60	2.30	32.70	0.00
64.30	29.00	25.20	23.50	21.90	49.60	2.30	52.74	0.00
64.40	29.00	25.30	23.50	21.90	49.60	2.40	53.54	0.00
64.50	29.00	25.30	23.50	21.90	49.60	2.40	44.22	0.00
64.60	29.00	25.30	23.50	21.90	50.30	2.10	5.72	0.00
64.70	29.10	25.30	23.50	22.00	50.30	2.10	32.26	0.00
64.80	29.10	25.30	23.50	22.00	50.60	1.90	12.30	0.00
64.90	29.10	25.30	23.50	21.80	50.30	1.90	24.84	0.00
65.00	29.10	25.30	23.50	21.80	50.30	1.90	30.52	0.00
65.10	29.10	25.30	23.50	21.80	50.60	2.10	11.73	0.00
65.20	29.20	25.30	23.60	22.10	50.60	2.10	22.86	0.00
65.30	29.20	25.30	23.60	22.10	50.60	2.10	18.96	0.00
65.40	29.10	25.30	23.40	21.90	50.60	2.10	37.37	0.00
65.50	29.10	25.30	23.40	21.90	50.90	2.30	24.97	0.00
65.60	29.10	25.20	23.40	21.90	50.90	2.30	26.45	0.00
65.70	29.10	25.20	23.40	21.90	51.30	1.80	58.99	0.00
65.80	29.10	25.20	23.40	21.90	51.30	2.30	16.02	0.00
65.90	29.00	25.30	23.50	21.90	51.20	2.10	19.97	0.00
66.00	29.00	25.30	23.50	21.90	51.20	2.10	50.46	0.00
66.10	29.10	25.20	23.50	21.90	51.30	1.80	39.20	0.00
66.20	29.10	25.20	23.50	21.90	51.30	1.80	28.13	0.00
66.30	29.10	25.20	23.50	21.90	51.30	1.80	41.19	0.00
66.40	29.00	25.20	23.40	22.00	52.10	2.10	56.20	0.00
66.50	29.00	25.20	23.40	22.00	51.80	2.10	21.79	0.00
66.60	29.00	25.20	23.40	22.00	52.10	2.10	18.59	0.00
66.70	29.00	25.20	23.50	22.00	52.10	2.10	22.86	0.00
66.80	29.00	25.20	23.50	22.00	52.10	1.90	19.41	0.00
66.90	29.00	25.20	23.50	22.00	52.10	1.90	30.59	0.00
67.00	29.00	25.20	23.50	21.90	52.30	1.90	51.18	0.00
67.10	29.00	25.20	23.50	21.90	52.30	1.90	23.62	0.00
67.20	29.00	25.20	23.50	21.90	52.30	1.90	15.51	0.00
67.30	29.00	25.10	23.50	21.90	52.40	2.30	19.76	0.00
67.40	29.00	25.10	23.50	21.90	52.40	2.30	50.62	0.00
67.50	29.00	25.10	23.50	21.90	52.40	1.90	19.46	0.00
67.60	29.10	25.30	23.60	21.80	52.40	1.90	16.17	0.00
67.70	29.10	25.30	23.60	21.80	51.20	2.10	19.67	0.00
67.80	29.10	25.30	23.60	21.80	53.80	1.90	19.89	0.00
67.90	29.00	25.30	23.60	22.00	53.80	1.90	20.03	0.00
68.00	29.00	25.30	23.60	22.00	52.60	1.90	40.32	0.00
68.10	28.90	25.10	23.50	21.90	52.60	1.90	50.66	0.00
68.20	28.90	25.10	23.50	21.90	53.20	2.60	43.36	0.00
68.30	28.90	25.10	23.50	21.90	53.20	2.60	39.45	0.00
68.40	28.90	25.10	23.40	21.80	53.60	2.60	56.32	0.00
68.50	28.90	25.10	23.40	21.80	53.60	2.60	45.82	0.00
68.60	28.90	25.10	23.40	21.80	53.20	1.90	49.79	0.00
68.70	28.90	25.10	23.50	21.80	53.20	1.90	45.41	0.00
68.80	28.90	25.10	23.50	21.80	53.50	2.40	44.48	0.00
68.90	28.90	25.10	23.50	21.80	53.80	2.10	53.13	0.00
69.00	29.00	25.00	23.50	21.90	53.80	2.10	17.76	0.00
69.10	29.00	25.00	23.50	21.90	53.80	2.10	17.12	0.00
69.20	29.00	25.30	23.50	21.90	53.80	2.40	40.30	0.00
69.30	29.00	25.30	23.50	21.90	53.80	2.40	34.63	0.00
69.40	29.00	25.30	23.50	21.90	54.10	2.30	31.13	0.00
69.50	28.90	25.20	23.50	21.90	54.10	2.30	38.56	0.00
69.60	28.90	25.20	23.50	21.90	54.40	2.60	42.62	0.00
69.70	28.90	25.20	23.60	21.90	54.70	1.90	20.83	0.00
69.80	28.90	25.20	23.60	21.90	54.70	1.90	52.20	0.00
69.90	28.90	25.20	23.60	21.90	54.70	2.40	9.55	0.00
70.00	29.10	25.20	23.50	21.90	54.60	1.90	12.59	0.00
70.10	29.10	25.20	23.50	21.90	54.60	1.90	29.86	0.00
70.20	29.10	25.20	23.50	21.90	54.60	1.90	42.34	0.00
70.30	29.10	25.20	23.50	21.90	54.70	1.80	36.02	0.00
70.40	28.90	25.10	23.40	21.90	54.70	2.30	47.24	0.00
70.50	28.90	25.10	23.40	21.90	54.70	2.30	40.27	0.00
70.60	29.00	25.20	23.40	21.90	55.00	2.40	41.94	0.00
70.70	29.00	25.20	23.40	21.90	55.60	3.20	29.91	0.00
70.80	29.00	25.20	23.40	21.90	55.60	3.20	44.18	0.00
70.90	29.00	25.30	23.50	21.90	55.60	3.20	32.50	0.00
71.00	29.00	25.30	23.50	21.90	55.60	3.20	58.35	0.00
71.10	29.10	25.10	23.50	21.80	55.20	2.30	32.97	0.00
71.20	29.10	25.10	23.50	21.80	55.20	2.30	53.81	0.00
71.30	29.10	25.10	23.50	21.80	55.90	1.90	7.18	0.00
71.40	29.10	25.20	23.50	21.90	55.90	1.90	38.48	0.00
71.50	29.10	25.20	23.50	21.90	56.40	2.10	14.86	0.00
71.60	29.10	25.20	23.50	22.00	56.40	2.10	33.12	0.00
71.70	29.10	25.20	23.50	22.00	56.30	2.30	12.61	0.00
71.80	29.10	25.20	23.50	22.00	56.40	2.10	28.08	0.00
71.90	29.00	25.30	23.60	22.00	56.40	2.10	50.43	0.00
72.00	29.00	25.30	23.60	22.00	56.10	2.10	4.43	0.00
72.10	28.90	25.20	23.40	21.90	56.90	2.40	30.84	0.00
72.20	28.90	25.20	23.40	21.90	56.90	2.40	24.57	0.00
72.30	28.90	25.20	23.40	21.90	56.90	2.40	46.00	0.00
72.40	28.90	25.20	23.40	21.90	56.90	2.40	49.70	0.00
72.50	29.10	25.20	23.50	22.00	56.90	2.40	37.71	0.00
72.60	29.10	25.20	23.50	22.00	56.90	2.40	32.45	0.00
72.70	29.10	25.20	23.50	22.00	57.20	2.70	52.52	0.00
72.80	29.10	25.20	23.70	22.00	57.20	2.70	36.99	0.00
72.90	29.10	25.20	23.70	22.00	57.20	2.70	53.98	0.00
73.00	29.10	25.20	23.70	22.00	57.50	1.90	14.21	0.00
73.10	29.00	25.30	23.60	22.00	57.50	1.90	48.38	0.00
73.20	29.00	25.30	23.60	22.00	57.90	2.30	33.05	0.00
73.30	29.00	25.20	23.50	21.90	57.90	2.30	17.62	0.00
73.40	29.00	25.20	23.50	21.90	57.50	2.10	25.41	0.00
73.50	29.00	25.20	23.50	21.90	57.50	2.10	18.84	0.00
73.60	28.90	25.20	23.50	21.90	57.50	2.10	22.01	0.00
73.70	28.90	25.20	23.50	21.90	57.60	2.10	31.27	0.00
73.80	28.90	25.30	23.50	21.80	57.60	2.10	22.32	0.00
73.90	28.90	25.30	23.50	21.80	57.80	2.10	46.35	0.00
74.00	28.90	25.30	23.50	21.80	58.10	2.30	41.85	0.00
74.10	28.90	25.20	23.50	21.90	58.10	2.30	29.71	0.00
74.20	28.90	25.20	23.50	21.90	58.10	2.30	40.37	0.00
74.30	28.90	25.20	23.50	21.90	58.40	1.90	44.41	0.00
74.40	29.20	25.30	23.50	21.90	58.30	1.90	35.32	0.00
74.50	29.20	25.30	23.50	21.90	58.30	1.90	26.64	0.00
74.60	29.20	25.30	23.50	21.90	58.60	1.80	17.54	0.00
74.70	29.00	25.20	23.60	21.90	58.60	1.80	18.85	0.00
74.80	29.00	25.20	23.60	21.90	58.60	1.80	38.24	0.00
74.90	29.00	25.20	23.60	21.90	58.90	2.60	24.07	0.00
75.00	29.00	25.20	23.40	21.80	58.90	2.60	42.98	0.00
75.10	29.00	25.20	23.40	21.80	58.90	2.30	27.90	0.00
75.20	29.00	25.20	23.40	21.80	58.90	2.30	43.44	0.00
75.30	29.10	25.30	23.60	22.00	59.30	3.20	19.61	0.00
75.40	29.10	25.30	23.60	22.00	59.20	1.90	43.17	0.00
75.50	29.00	25.20	23.50	21.90	59.20	1.90	45.36	0.00
75.60	29.00	25.20	23.50	21.90	59.50	2.10	47.37	0.00
75.70	29.10	25.10	23.50	21.90	59.50	2.10	47.72	0.00
75.80	29.10	25.10	23.50	21.90	59.90	2.30	53.47	0.00
75.90	29.10	25.10	23.50	21.90	59.90	2.30	39.15	0.00
76.00	29.00	25.10	23.70	22.00	59.90	2.10	37.52	0.00
76.10	29.00	25.10	23.70	22.00	59.90	2.10	21.02	0.00
76.20	28.90	25.30	23.70	21.90	59.90	2.40	28.91	0.00
76.30	28.90	25.30	23.70	21.90	59.90	2.40	16.59	0.00
76.40	28.90	25.30	23.70	21.90	60.10	1.80	24.08	0.00
76.50	29.00	25.30	23.50	21.80	60.10	1.80	15.78	0.00
76.60	29.00	25.30	23.50	21.80	60.10	1.80	15.58	0.00
76.70	29.00	25.20	23.50	22.00	60.30	2.10	40.10	0.00
76.80	29.00	25.20	23.50	22.00	60.30	2.10	31.46	0.00
76.90	29.00	25.20	23.50	22.00	60.60	1.90	52.19	0.00
77.00	28.80	25.10	23.50	21.90	60.60	1.90	50.95	0.00
77.10	28.80	25.10	23.50	21.90	60.40	2.10	25.92	0.00
77.20	28.80	25.10	23.50	21.90	61.00	1.90	51.21	0.00
77.30	29.00	25.20	23.50	21.90	59.20	2.40	52.24	0.00
77.40	29.00	25.20	23.50	21.90	59.20	2.40	52.65	0.00
77.50	29.00	25.30	23.50	21.90	61.30	2.10	45.00	0.00
77.60	29.00	25.30	23.50	21.90	61.30	2.10	28.87	0.00
77.70	29.00	25.30	23.50	21.90	61.20	2.30	27.72	0.00
77.80	28.90	25.30	23.60	22.00	61.20	2.30	30.56	0.00
77.90	28.90	25.30	23.60	22.00	61.60	2.10	46.03	0.00
78.00	29.20	25.10	23.60	22.00	61.60	2.10	38.15	0.00
78.10	29.20	25.10	23.60	22.00	61.60	2.10	31.54	0.00
78.20	29.00	25.10	23.50	21.90	61.30	1.90	40.37	0.00
78.30	29.00	25.10	23.50	21.90	61.30	1.90	57.86	0.00
78.40	29.00	25.10	23.50	21.90	61.30	1.90	19.20	0.00
78.50	29.00	25.20	23.60	22.00	61.30	1.90	15.76	0.00
78.60	29.00	25.20	23.60	22.00	62.30	2.40	32.70	0.00
78.70	29.00	25.20	23.60	22.00	62.40	1.90	25.44	0.00
78.80	28.90	25.30	23.60	22.00	62.40	1.90	30.35	0.00
78.90	28.90	25.30	23.60	22.00	62.30	2.40	21.81	0.00
79.00	29.00	25.20	23.50	21.90	62.30	2.40	23.67	0.00
79.10	29.00	25.20	23.50	21.90	62.60	2.30	20.15	0.00
79.20	29.00	25.30	23.40	22.00	62.90	2.10	27.05	0.00
79.30	29.00	25.30	23.40	22.00	62.90	2.10	25.48	0.00
79.40	28.90	25.20	23.50	22.00	62.70	2.40	43.84	0.00
79.50	28.90	25.20	23.50	22.00	62.60	1.80	60.08	0.00
79.60	28.90	25.20	23.50	22.00	62.60	1.80	22.20	0.00
79.70	28.90	25.10	23.40	21.80	63.20	3.20	36.03	0.00
79.80	28.90	25.10	23.40	21.80	63.20	3.20	35.79	0.00
79.90	28.90	25.10	23.40	21.80	63.00	2.30	54.42	0.00
80.00	29.00	25.20	23.50	21.90	63.60	1.90	45.04	0.00
80.10	29.00	25.20	23.50	21.90	63.60	1.90	43.52	0.00
80.20	29.00	25.20	23.50	21.90	63.60	1.90	34.57	0.00
80.30	29.00	25.20	23.50	21.90	63.60	1.90	24.63	0.00
80.40	29.00	25.20	23.50	22.00	63.60	2.30	51.54	0.00
80.50	29.00	25.20	23.50	22.00	63.60	2.30	43.55	0.00
80.60	29.00	25.20	23.50	22.00	64.30	1.80	12.05	0.00
80.70	29.00	25.20	23.50	22.00	64.30	1.80	48.92	0.00
80.80	29.00	25.20	23.50	22.00	64.30	2.60	48.02	0.00
80.90	29.00	25.20	23.60	21.90	64.30	2.60	47.56	0.00
81.00	29.00	25.20	23.60	21.90	64.30	2.30	43.14	0.00
81.10	29.00	25.20	23.60	21.90	64.40	2.30	31.83	0.00
81.20	29.00	25.20	23.50	21.90	64.40	2.30	24.11	0.00
81.30	29.00	25.20	23.50	21.90	65.00	1.90	25.67	0.00
81.40	29.00	25.20	23.50	21.90	64.90	2.10	33.14	0.00
81.50	28.80	25.10	23.40	21.80	64.90	2.10	20.80	0.00
81.60	28.80	25.10	23.40	21.80	64.90	2.30	27.45	0.00
81.70	28.80	25.10	23.40	21.80	64.90	2.30	37.73	0.00
81.80	29.20	25.20	23.60	22.00	64.90	2.30	39.98	0.00
81.90	29.20	25.20	23.60	22.00	64.60	2.40	27.75	0.00
82.00	29.00	25.10	23.50	21.80	64.60	2.40	22.93	0.00
82.10	29.00	25.10	23.50	21.80	64.60	2.40	27.87	0.00
82.20	29.00	25.10	23.50	21.90	64.90	1.90	15.78	0.00
82.30	29.00	25.10	23.50	21.90	64.90	1.90	35.97	0.00
82.40	29.00	25.20	23.50	21.90	65.30	1.80	32.30	0.00
82.50	29.00	25.20	23.50	21.90	65.30	1.80	33.35	0.00
82.60	29.00	25.20	23.50	21.90	65.50	2.30	20.98	0.00
82.70	29.00	25.30	23.50	22.00	65.50	2.10	55.28	0.00
82.80	29.00	25.30	23.50	22.00	65.50	2.10	55.43	0.00
82.90	29.00	25.30	23.50	22.00	65.90	2.40	52.95	0.00
83.00	29.10	25.10	23.40	21.90	65.90	2.40	43.11	0.00
83.10	29.10	25.10	23.40	21.90	66.10	2.10	45.36	0.00
83.20	29.00	25.30	23.70	22.00	66.40	2.70	50.85	0.00
83.30	29.00	25.30	23.70	22.00	66.40	2.70	41.06	0.00
83.40	29.00	25.30	23.70	22.00	66.70	2.40	29.38	0.00
83.50	29.00	25.20	23.60	22.00	66.70	2.30	25.50	0.00
83.60	29.00	25.20	23.60	22.00	66.70	2.30	24.82	0.00
83.70	29.10	25.20	23.50	21.90	67.00	2.70	39.57	0.00
83.80	29.10	25.20	23.50	21.90	67.00	2.70	44.96	0.00
83.90	29.10	25.20	23.50	21.90	67.00	2.70	53.88	0.00
84.00	28.90	25.10	23.50	21.90	67.00	2.70	49.03	0.00
84.10	28.90	25.10	23.50	21.90	67.30	2.10	47.96	0.00
84.20	29.00	25.20	23.60	22.00	67.30	2.10	41.80	0.00
84.30	29.00	25.20	23.60	22.00	67.30	2.10	34.15	0.00
84.40	29.00	25.20	23.60	22.00	67.80	2.90	28.78	0.00
84.50	29.00	25.10	23.60	22.00	67.80	2.10	27.94	0.00
84.60	29.00	25.10	23.60	22.00	67.80	2.10	34.44	0.00
84.70	29.10	25.20	23.60	21.90	67.80	2.10	47.70	0.00
84.80	29.10	25.20	23.60	21.90	67.80	2.10	56.16	0.00
84.90	29.10	25.20	23.60	21.90	67.90	2.10	46.73	0.00
85.00	29.20	25.10	23.50	21.90	68.60	2.60	44.39	0.00
85.10	29.20	25.10	23.50	21.90	68.60	2.60	29.96	0.00
85.20	29.20	25.10	23.50	21.90	68.60	2.60	27.93	0.00
85.30	29.00	25.20	23.60	21.90	68.40	1.90	27.48	0.00
85.40	29.00	25.20	23.60	21.90	68.70	1.80	31.33	0.00
85.50	29.00	25.20	23.60	21.90	68.70	1.80	31.47	0.00
85.60	29.10	25.10	23.50	22.00	68.70	2.10	43.62	0.00
85.70	29.10	25.10	23.50	22.00	68.70	2.10	51.49	0.00
85.80	29.10	25.10	23.50	22.00	68.70	2.10	57.07	0.00
85.90	29.20	25.30	23.70	22.00	69.30	2.10	48.25	0.00
86.00	29.20	25.30	23.70	22.00	69.30	2.10	50.49	0.00
86.10	29.20	25.30	23.70	22.00	69.30	1.90	43.46	0.00
86.20	29.20	25.30	23.50	21.90	69.50	2.10	36.30	0.00
86.30	29.20	25.30	23.50	21.90	69.50	2.10	35.27	0.00
86.40	29.20	25.30	23.50	22.00	70.30	1.90	28.36	0.00
86.50	29.20	25.30	23.50	22.00	70.30	1.90	30.94	0.00
86.60	29.20	25.30	23.50	22.00	70.10	2.10	28.88	0.00
86.70	29.10	25.10	23.60	21.90	70.10	2.10	27.56	0.00
86.80	29.10	25.10	23.60	21.90	69.80	2.30	30.49	0.00
86.90	29.10	25.10	23.60	21.90	70.70	2.40	28.69	0.00
87.00	29.20	25.20	23.50	22.00	70.70	2.40	30.51	0.00
87.10	29.20	25.20	23.50	22.00	70.90	2.10	42.81	0.00
87.20	29.20	25.20	23.50	22.00	70.30	1.80	26.52	0.00
87.30	29.10	25.30	23.50	21.90	70.30	1.80	9.00	0.00
87.40	29.10	25.30	23.50	21.90	70.10	2.60	5.92	0.00
87.50	29.00	25.20	23.50	21.90	70.10	2.60	3.97	0.00
87.60	29.00	25.20	23.50	21.90	70.10	2.60	2.95	0.00
87.70	29.00	25.20	23.60	22.00	70.10	2.60	2.42	0.00
87.80	29.00	25.20	23.60	22.00	70.60	2.40	1.93	0.00
87.90	29.00	25.20	23.60	22.00	70.30	2.10	1.67	0.00
88.00	28.80	25.20	23.50	22.00	70.30	2.10	1.44	0.00
88.10	28.80	25.20	23.50	22.00	69.90	1.90	1.28	0.00
88.20	28.70	25.20	23.70	21.90	69.90	1.90	1.15	0.00
88.30	28.70	25.20	23.70	21.90	70.60	1.90	1.02	0.00
88.40	28.70	25.20	23.70	21.90	70.10	2.10	0.90	0.00
88.50	28.50	25.30	23.60	22.10	70.10	2.10	0.86	0.00
88.60	28.50	25.30	23.60	22.10	70.10	2.40	0.77	0.00
88.70	28.50	25.30	23.60	22.10	70.10	2.30	0.73	0.00
88.80	28.40	25.20	23.60	22.00	70.10	2.30	0.66	0.00
88.90	28.40	25.20	23.60	22.00	70.10	1.90	0.58	0.00
89.00	28.50	25.20	23.60	22.00	70.30	2.10	0.58	0.00
89.10	28.50	25.20	23.60	22.00	70.30	2.10	0.49	0.00
89.20	28.50	25.20	23.60	22.00	69.80	2.30	0.45	0.00
89.30	28.20	25.20	23.60	22.00	69.80	2.30	0.47	0.00
89.40	28.20	25.20	23.60	22.00	69.80	2.30	0.41	0.00
89.50	28.10	25.20	23.60	22.00	70.30	2.10	0.38	0.00
89.60	28.10	25.20	23.60	22.00	70.30	2.10	0.36	0.00
89.70	28.10	25.20	23.60	22.00	70.10	2.40	0.34	0.00
89.80	28.00	25.10	23.50	21.90	69.90	2.10	0.32	0.00
89.90	28.00	25.10	23.50	21.90	69.90	2.10	0.32	0.00
90.00	28.00	25.10	23.50	21.90	70.30	1.90	0.13	0.00
90.10	27.90	25.10	23.60	21.90	69.80	1.80	0.13	0.00
90.20	27.90	25.10	23.60	21.90	69.80	1.80	0.12	0.00
90.30	27.90	25.10	23.60	21.90	69.80	1.80	0.13	0.00
90.40	27.90	25.10	23.50	22.00	70.10	2.60	0.06	0.00
90.50	27.90	25.10	23.50	22.00	69.90	2.30	0.12	0.00
90.60	27.90	25.10	23.50	22.00	69.90	2.30	0.12	0.00
90.70	27.80	25.30	23.50	22.00	70.10	2.40	0.09	0.00
90.80	27.80	25.30	23.50	22.00	70.10	2.40	0.09	0.00
90.90	27.80	25.30	23.50	22.00	69.80	2.30	0.07	0.00
91.00	27.80	25.30	23.50	22.00	69.80	2.30	0.04	0.00
91.10	27.70	25.30	23.60	21.90	69.00	1.90	0.09	0.00
91.20	27.70	25.30	23.60	21.90	69.00	1.90	0.02	0.00
91.30	27.70	25.20	23.60	22.10	69.00	1.90	0.04	0.00
91.40	27.70	25.20	23.60	22.10	69.00	1.90	0.04	0.00
91.50	27.70	25.20	23.60	22.10	69.80	1.90	0.00	0.00
91.60	27.50	25.00	23.30	21.70	69.80	1.90	0.09	0.00
91.70	27.50	25.00	23.30	21.70	69.60	2.10	0.04	0.00
91.80	27.50	25.00	23.30	21.70	69.60	2.10	0.04	0.00
91.90	27.70	25.20	23.60	22.00	70.40	2.30	0.00	0.00
92.00	27.70	25.20	23.60	22.00	70.40	2.30	0.00	0.00
92.10	27.70	25.20	23.60	22.00	70.10	2.30	0.04	0.00
92.20	27.50	25.10	23.60	21.90	70.10	2.30	0.02	0.00
92.30	27.50	25.10	23.60	21.90	69.80	2.40	0.04	0.00
92.40	27.50	25.10	23.60	21.90	69.90	2.10	0.02	0.00
92.50	27.50	25.20	23.60	21.90	69.90	2.10	0.00	0.00
92.60	27.50	25.20	23.60	21.90	69.60	2.30	0.02	0.00
92.70	27.50	25.20	23.60	21.90	69.60	2.30	0.02	0.00
92.80	27.50	25.30	23.70	21.90	70.10	2.30	0.06	0.00
92.90	27.50	25.30	23.70	21.90	70.10	2.30	0.04	0.00
93.00	27.50	25.20	23.50	21.90	70.10	2.60	0.07	0.00
93.10	27.50	25.20	23.50	21.90	70.10	2.60	0.06	0.00
93.20	27.50	25.20	23.50	21.90	69.80	2.30	0.02	0.00
93.30	27.40	25.20	23.60	22.00	69.80	2.30	0.02	0.00
93.40	27.40	25.20	23.60	22.00	69.80	2.30	0.02	0.00
93.50	27.40	25.20	23.60	22.00	69.90	2.30	0.06	0.00
93.60	27.30	25.20	23.50	21.90	69.90	2.30	0.09	0.00
93.70	27.30	25.20	23.50	21.90	69.30	1.90	0.04	0.00
93.80	27.30	25.20	23.50	21.90	69.30	1.90	0.02	0.00
93.90	27.30	25.10	23.50	22.00	69.90	2.30	-0.02	0.00
94.00	27.30	25.10	23.50	22.00	69.90	1.80	0.00	0.00
94.10	27.30	25.10	23.50	22.00	69.90	1.80	0.04	0.00
94.20	27.40	25.30	23.70	22.00	70.10	1.90	0.04	0.00
94.30	27.40	25.30	23.70	22.00	70.10	1.90	0.02	0.00
94.40	27.40	25.30	23.70	22.00	69.90	2.30	0.02	0.00
94.50	27.20	25.10	23.50	21.90	69.90	2.40	-0.02	0.00
94.60	27.20	25.10	23.50	21.90	69.90	2.40	0.02	0.00
94.70	27.20	25.10	23.50	21.90	69.80	2.10	-0.04	0.00
94.80	27.30	25.30	23.50	22.00	69.80	2.10	-0.04	0.00
94.90	27.30	25.30	23.50	22.00	70.10	2.30	0.00	0.00
95.00	27.30	25.30	23.50	22.00	70.10	2.30	0.02	0.00
95.10	27.20	25.10	23.50	22.00	69.60	2.10	0.02	0.00
95.20	27.20	25.10	23.50	22.00	69.60	2.10	0.00	0.00
95.30	27.20	25.10	23.50	22.00	69.60	2.10	0.02	0.00
95.40	27.20	25.10	23.50	21.90	69.60	2.10	0.02	0.00
95.50	27.20	25.10	23.50	21.90	69.50	1.80	0.02	0.00
95.60	27.20	25.10	23.50	21.90	70.10	2.10	-0.02	0.00
95.70	27.10	25.10	23.50	21.80	70.10	2.10	-0.07	0.00
95.80	27.10	25.10	23.50	21.80	69.60	2.40	-0.06	0.00
95.90	27.10	25.10	23.50	21.80	69.60	1.80	-0.06	0.00
96.00	27.10	25.10	23.60	22.00	69.60	1.80	-0.02	0.00
96.10	27.10	25.10	23.60	22.00	69.90	2.30	-0.04	0.00
96.20	27.10	25.10	23.60	22.00	70.10	1.90	-0.04	0.00
96.30	27.30	25.10	23.60	21.90	70.10	1.90	-0.06	0.00
96.40	27.30	25.10	23.60	21.90	69.90	2.40	-0.06	0.00
96.50	27.30	25.10	23.60	21.90	69.80	1.80	-0.07	0.00
96.60	27.20	25.20	23.70	22.00	69.80	1.80	-0.06	0.00
96.70	27.20	25.20	23.70	22.00	69.90	2.30	0.00	0.00
96.80	27.10	25.10	23.60	21.80	69.90	2.30	0.00	0.00
96.90	27.10	25.10	23.60	21.80	69.60	2.10	0.00	0.00
97.00	27.10	25.10	23.60	21.80	69.60	2.10	0.00	0.00
97.10	27.00	25.10	23.50	21.90	69.60	2.10	0.00	0.00
97.20	27.00	25.10	23.50	21.90	69.80	2.60	0.00	0.00
97.30	27.00	25.20	23.50	21.90	69.80	2.60	0.00	0.00
97.40	27.00	25.20	23.50	21.90	69.80	2.10	0.00	0.00
97.50	27.00	25.20	23.50	21.90	69.90	2.40	0.00	0.00
97.60	27.00	25.20	23.60	22.00	69.90	2.40	0.00	0.00
97.70	27.00	25.20	23.60	22.00	69.60	2.10	0.00	0.00
97.80	27.20	25.30	23.60	22.00	69.60	2.10	0.00	0.00
97.90	27.20	25.30	23.60	22.00	70.40	2.10	0.00	0.00
98.00	27.10	25.20	23.60	22.10	70.40	2.10	0.00	0.00
98.10	27.10	25.20	23.60	22.10	69.50	1.80	0.00	0.00
98.20	27.10	25.20	23.60	22.10	69.90	2.30	0.00	0.00
98.30	27.10	25.20	23.50	22.00	69.90	2.30	0.00	0.00
98.40	27.10	25.20	23.50	22.00	69.90	1.90	0.00	0.00
98.50	27.10	25.30	23.60	22.00	69.50	1.90	0.00	0.00
98.60	27.10	25.30	23.60	22.00	69.50	1.90	0.00	0.00
98.70	27.10	25.30	23.60	22.00	69.90	1.90	0.00	0.00
98.80	27.00	25.30	23.60	21.80	69.90	1.90	0.00	0.00
98.90	27.00	25.30	23.60	21.80	69.90	1.90	0.00	0.00
99.00	26.90	25.20	23.60	22.00	69.90	1.90	0.00	0.00
99.10	26.90	25.20	23.60	22.00	69.80	1.90	0.00	0.00
99.20	26.90	25.20	23.60	22.00	69.80	1.90	0.00	0.00
99.30	27.00	25.20	23.50	22.00	69.80	3.20	0.00	0.00
99.40	27.00	25.20	23.50	22.00	69.80	3.20	0.00	0.00
99.50	27.00	25.20	23.50	22.00	69.60	1.50	0.00	0.00
99.60	26.90	25.10	23.50	21.90	69.60	1.50	0.00	0.00
99.70	26.90	25.10	23.50	21.90	69.80	2.30	0.00	0.00
99.80	26.90	25.10	23.50	21.90	69.80	2.30	0.00	0.00
99.90	26.90	25.30	23.60	21.90	69.80	2.30	0.00	0.00
100.00	26.90	25.30	23.60	21.90	69.90	2.30	0.00	0.00
100.10	26.90	25.30	23.60	21.90	69.90	2.30	0.00	0.00
100.20	26.90	25.30	23.60	21.90	69.60	2.40	0.00	0.00
100.30	26.90	25.20	23.60	22.00	69.60	2.40	0.00	0.00
100.40	26.90	25.20	23.60	22.00	70.10	2.10	0.00	0.00
100.50	26.90	25.20	23.60	22.10	70.10	2.10	0.00	0.00
100.60	26.90	25.20	23.60	22.10	69.90	2.30	0.00	0.00
100.70	26.70	25.30	23.50	22.00	69.80	1.80	0.00	0.00
100.80	26.70	25.30	23.50	22.00	69.80	1.80	0.00	0.00
100.90	26.70	25.30	23.50	22.00	69.80	1.80	0.00	0.00
101.00	27.00	25.20	23.60	22.00	69.80	1.80	0.00	0.00
101.10	27.00	25.20	23.60	22.00	69.30	1.80	0.00	0.00
101.20	26.80	25.10	23.50	22.00	69.30	1.80	0.00	0.00
101.30	26.80	25.10	23.50	22.00	70.10	2.10	0.00	0.00
101.40	26.80	25.10	23.50	22.00	70.10	2.40	0.00	0.00
101.50	26.90	25.30	23.50	21.90	70.10	2.40	0.00	0.00
101.60	26.90	25.30	23.50	21.90	69.80	2.30	0.00	0.00
101.70	26.80	25.10	23.50	21.80	69.80	2.30	0.00	0.00
101.80	26.80	25.10	23.50	21.80	69.60	2.30	0.00	0.00
101.90	26.80	25.10	23.50	21.80	69.90	1.90	0.00	0.00
102.00	26.80	25.30	23.60	22.00	69.60	1.60	0.00	0.00
102.10	26.80	25.30	23.60	22.00	69.60	1.60	0.00	0.00
102.20	26.80	25.30	23.60	22.00	69.80	1.80	0.00	0.00
102.30	26.90	25.20	23.60	22.00	69.80	1.80	0.00	0.00
102.40	26.90	25.20	23.60	22.00	69.50	2.10	0.00	0.00
102.50	26.90	25.20	23.60	22.00	69.50	2.30	0.00	0.00
102.60	26.70	25.20	23.60	21.90	69.50	2.30	0.00	0.00
102.70	26.70	25.20	23.60	21.90	69.50	2.30	0.00	0.00
102.80	26.80	25.10	23.40	21.80	69.50	2.30	0.00	0.00
102.90	26.80	25.10	23.40	21.80	67.80	2.60	0.00	0.00
103.00	26.80	25.10	23.40	21.80	69.50	1.80	0.00	0.00
103.10	26.80	25.20	23.70	22.00	69.50	1.80	0.00	0.00
103.20	26.80	25.20	23.70	22.00	69.80	2.30	0.00	0.00
103.30	26.80	25.20	23.70	22.00	69.50	2.30	0.00	0.00
103.40	26.90	25.30	23.60	21.90	69.50	2.30	0.00	0.00
103.50	26.90	25.30	23.60	21.90	69.90	2.40	0.00	0.00
103.60	26.90	25.30	23.60	21.90	69.50	2.30	0.00	0.00
103.70	26.80	25.20	23.60	22.00	69.50	2.30	0.00	0.00
103.80	26.80	25.20	23.60	22.00	70.10	2.60	0.00	0.00
103.90	26.80	25.20	23.60	22.00	69.90	2.30	0.00	0.00
104.00	26.70	25.30	23.60	22.00	69.90	2.30	0.00	0.00
104.10	26.70	25.30	23.60	22.00	69.50	1.60	0.00	0.00
104.20	26.80	25.20	23.60	22.00	69.50	1.60	0.00	0.00
104.30	26.80	25.20	23.60	22.00	69.80	1.90	0.00	0.00
104.40	26.60	25.10	23.60	21.90	69.80	1.90	0.00	0.00
104.50	26.60	25.10	23.60	21.90	69.80	1.90	0.00	0.00
104.60	26.60	25.10	23.60	21.90	69.30	2.40	0.00	0.00
104.70	26.90	25.20	23.60	21.90	69.30	2.40	0.00	0.00
104.80	26.90	25.20	23.60	21.90	69.50	2.30	0.00	0.00
104.90	26.70	25.10	23.60	21.80	69.90	2.10	0.00	0.00
105.00	26.70	25.10	23.60	21.80	69.90	2.10	0.00	0.00
105.10	26.70	25.10	23.60	21.80	69.90	2.10	0.00	0.00
105.20	26.70	25.30	23.60	22.00	69.50	2.40	0.00	0.00
105.30	26.70	25.30	23.60	22.00	69.50	2.40	0.00	0.00
105.40	26.70	25.30	23.60	22.00	69.90	2.40	0.00	0.00
105.50	26.70	25.30	23.60	22.00	69.90	2.40	0.00	0.00
105.60	26.70	25.30	23.60	22.00	69.80	2.30	0.00	0.00
105.70	26.70	25.30	23.60	22.00	69.80	-0.10	0.00	0.00
105.80	26.70	25.20	23.60	21.90	69.80	-0.10	0.00	0.00
105.90	26.70	25.20	23.60	21.90	69.90	2.40	0.00	0.00
106.00	26.80	25.20	23.70	22.00	69.90	2.40	0.00	0.00
106.10	26.80	25.20	23.70	22.00	69.90	2.10	0.00	0.00
106.20	26.60	25.40	23.50	22.10	69.80	2.30	0.00	0.00
106.30	26.60	25.40	23.50	22.10	69.80	2.30	0.00	0.00
106.40	26.60	25.40	23.50	22.10	69.80	2.30	0.00	0.00
106.50	26.70	25.10	23.70	22.10	69.80	2.30	0.00	0.00
106.60	26.70	25.10	23.70	22.10	69.60	1.90	0.00	0.00
106.70	26.70	25.10	23.70	22.10	69.80	1.90	0.00	0.00
106.80	26.50	25.30	23.60	21.90	69.80	1.90	0.00	0.00
106.90	26.50	25.30	23.60	21.90	69.80	1.90	0.00	0.00
107.00	26.60	25.20	23.50	21.90	69.80	1.90	0.00	0.00
107.10	26.60	25.20	23.50	21.90	70.10	3.00	0.00	0.00
107.20	26.60	25.30	23.60	21.90	70.10	3.00	0.00	0.00
107.30	26.60	25.30	23.60	21.90	69.80	1.90	0.00	0.00
107.40	26.60	25.30	23.60	21.90	69.60	1.90	0.00	0.00
107.50	26.60	25.30	23.60	22.00	69.80	1.90	0.00	0.00
107.60	26.60	25.30	23.60	22.00	69.80	1.90	0.00	0.00
107.70	26.60	25.20	23.60	22.00	69.30	2.10	0.00	0.00
107.80	26.60	25.20	23.60	22.00	69.30	2.10	0.00	0.00
107.90	26.60	25.20	23.60	22.00	69.60	2.40	0.00	0.00
108.00	26.60	25.30	23.60	22.00	69.60	2.40	0.00	0.00
108.10	26.60	25.30	23.60	22.00	69.90	1.90	0.00	0.00
108.20	26.60	25.30	23.50	21.90	69.90	1.90	0.00	0.00
108.30	26.60	25.30	23.50	21.90	69.90	1.90	0.00	0.00
108.40	26.60	25.30	23.50	21.90	69.80	2.30	0.00	0.00
108.50	26.50	25.20	23.60	21.90	69.80	2.30	0.00	0.00
108.60	26.50	25.20	23.60	21.90	69.60	1.80	0.00	0.00
108.70	26.50	25.20	23.60	21.90	69.60	1.80	0.00	0.00
108.80	26.40	25.10	23.50	21.90	69.90	0.90	0.00	0.00
108.90	26.40	25.10	23.50	21.90	69.50	2.10	0.00	0.00
109.00	26.40	25.10	23.50	21.90	69.50	2.10	0.00	0.00
109.10	26.50	25.20	23.60	21.90	69.60	2.10	0.00	0.00
109.20	26.50	25.20	23.60	21.90	69.50	1.90	0.00	0.00
109.30	26.50	25.20	23.60	21.90	69.50	1.90	0.00	0.00
109.40	26.60	25.20	23.50	21.90	69.80	2.10	0.00	0.00
109.50	26.60	25.20	23.50	21.90	69.80	2.10	0.00	0.00
109.60	26.60	25.20	23.50	21.90	69.80	2.40	0.00	0.00
109.70	26.40	25.20	23.60	21.90	69.80	2.40	0.00	0.00
109.80	26.40	25.20	23.60	21.90	69.90	2.60	0.00	0.00
109.90	26.60	25.30	23.70	22.00	69.90	2.60	0.00	0.00
110.00	26.60	25.30	23.70	22.00	69.80	1.90	0.00	0.00
110.10	26.50	25.20	23.60	21.90	69.80	1.90	0.00	0.00
110.20	26.50	25.20	23.60	21.90	69.80	1.90	0.00	0.00
110.30	26.50	25.20	23.60	21.90	69.80	1.90	0.00	0.00
110.40	26.60	25.30	23.60	22.00	69.50	1.50	0.00	0.00
110.50	26.60	25.30	23.60	22.00	69.50	1.50	0.00	0.00
110.60	26.60	25.30	23.60	22.00	69.20	2.30	0.00	0.00
110.70	26.50	25.20	23.50	22.00	69.20	2.30	0.00	0.00
110.80	26.50	25.20	23.50	22.00	69.80	2.90	0.00	0.00
110.90	26.50	25.20	23.50	21.80	69.80	2.90	0.00	0.00
111.00	26.50	25.20	23.50	21.80	70.10	2.40	0.00	0.00
111.10	26.40	25.10	23.60	21.90	69.90	3.00	0.00	0.00
111.20	26.40	25.10	23.60	21.90	69.90	3.00	0.00	0.00
111.30	26.40	25.10	23.60	21.90	69.60	1.60	0.00	0.00
111.40	26.50	25.20	23.60	21.90	69.60	1.60	0.00	0.00
111.50	26.50	25.20	23.60	21.90	69.90	2.10	0.00	0.00
111.60	26.50	25.20	23.60	21.90	69.60	2.40	0.00	0.00
111.70	26.40	25.10	23.50	21.90	69.60	2.40	0.00	0.00
111.80	26.40	25.10	23.50	21.90	69.60	-0.40	0.00	0.00
111.90	26.50	25.10	23.70	22.00	69.60	-0.40	0.00	0.00
112.00	26.50	25.10	23.70	22.00	69.80	2.30	0.00	0.00
112.10	26.50	25.10	23.50	22.00	69.80	2.30	0.00	0.00
112.20	26.50	25.10	23.50	22.00	69.80	2.30	0.00	0.00
112.30	26.50	25.10	23.50	22.00	69.80	2.30	0.00	0.00
112.40	26.50	25.40	23.70	22.00	69.80	2.40	0.00	0.00
112.50	26.50	25.40	23.70	22.00	69.80	1.80	0.00	0.00
112.60	26.50	25.40	23.70	22.00	69.80	1.80	0.00	0.00
112.70	26.30	25.10	23.50	21.90	69.60	1.90	0.00	0.00
112.80	26.30	25.10	23.50	21.90	69.30	2.30	0.00	0.00
112.90	26.30	25.10	23.50	21.90	69.30	2.30	0.00	0.00
113.00	26.40	25.10	23.60	21.90	69.80	2.60	0.00	0.00
113.10	26.40	25.10	23.60	21.90	69.80	2.60	0.00	0.00
113.20	26.40	25.10	23.60	21.90	69.50	2.10	0.00	0.00
113.30	26.40	25.20	23.60	22.00	69.80	2.60	0.00	0.00
113.40	26.40	25.20	23.60	22.00	69.80	2.60	0.00	0.00
113.50	26.50	25.20	23.50	21.90	69.60	2.40	0.00	0.00
113.60	26.50	25.20	23.50	21.90	69.60	2.40	0.00	0.00
113.70	26.50	25.20	23.50	21.90	69.80	2.10	0.00	0.00
113.80	26.30	25.20	23.50	21.90	69.80	2.10	0.00	0.00
113.90	26.30	25.20	23.50	21.90	69.50	2.10	0.00	0.00
114.00	26.50	25.30	23.60	22.00	69.50	2.10	0.00	0.00
114.10	26.50	25.30	23.60	22.00	69.50	2.10	0.00	0.00
114.20	26.50	25.30	23.60	22.00	69.60	2.30	0.00	0.00
114.30	26.40	25.20	23.60	21.90	69.60	2.30	0.00	0.00
114.40	26.40	25.20	23.60	21.90	69.90	2.10	0.00	0.00
114.50	26.40	25.20	23.50	22.00	69.90	2.10	0.00	0.00
114.60	26.40	25.20	23.50	22.00	69.50	2.30	0.00	0.00
114.70	26.40	25.20	23.50	22.00	69.90	2.30	0.00	0.00
114.80	26.60	25.30	23.70	22.10	69.90	2.30	0.00	0.00
114.90	26.60	25.30	23.70	22.10	69.90	2.30	0.00	0.00
115.00	26.60	25.30	23.70	22.10	69.90	2.30	0.00	0.00
115.10	26.30	25.10	23.50	21.90	69.30	2.10	0.00	0.00
115.20	26.30	25.10	23.50	21.90	69.30	2.10	0.00	0.00
115.30	26.30	25.10	23.50	21.90	69.60	2.30	0.00	0.00
115.40	26.40	25.20	23.60	22.00	69.60	2.30	0.00	0.00
115.50	26.40	25.20	23.60	22.00	69.90	2.40	0.00	0.00
115.60	26.40	25.20	23.60	22.00	70.30	2.10	0.00	0.00
115.70	26.40	25.20	23.60	22.00	70.30	2.10	0.00	0.00
115.80	26.40	25.20	23.60	22.00	68.90	2.40	0.00	0.00
115.90	26.40	25.20	23.60	22.00	68.90	2.40	0.00	0.00
116.00	26.40	25.20	23.50	21.90	68.90	2.40	0.00	0.00
116.10	26.40	25.20	23.50	21.90	68.90	2.40	0.00	0.00
116.20	26.40	25.20	23.60	22.00	70.30	1.90	0.00	0.00
116.30	26.40	25.20	23.60	22.00	69.90	1.90	0.00	0.00
116.40	26.40	25.20	23.60	22.00	69.90	1.90	0.00	0.00
116.50	26.40	25.30	23.60	21.90	69.80	2.10	0.00	0.00
116.60	26.40	25.30	23.60	21.90	69.80	2.10	0.00	0.00
116.70	26.40	25.30	23.60	21.90	69.80	2.60	0.00	0.00
116.80	26.40	25.30	23.60	22.00	69.80	2.60	0.00	0.00
116.90	26.40	25.30	23.60	22.00	67.80	2.40	0.00	0.00
117.00	26.30	25.10	23.60	22.00	67.80	2.40	0.00	0.00
117.10	26.30	25.10	23.60	22.00	69.60	2.30	0.00	0.00
117.20	26.50	25.20	23.60	22.00	69.90	2.40	0.00	0.00
117.30	26.50	25.20	23.60	22.00	69.90	2.40	0.00	0.00
117.40	26.50	25.20	23.60	22.00	69.50	2.40	0.00	0.00
117.50	26.50	25.50	23.80	22.10	69.80	2.10	0.00	0.00
117.60	26.50	25.50	23.80	22.10	69.80	2.10	0.00	0.00
117.70	26.50	25.30	23.60	22.10	69.60	1.00	0.00	0.00
117.80	26.50	25.30	23.60	22.10	69.60	1.00	0.00	0.00
117.90	26.50	25.30	23.60	22.10	69.60	1.00	0.00	0.00
118.00	26.30	25.20	23.50	21.80	69.60	1.00	0.00	0.00
118.10	26.30	25.20	23.50	21.80	69.60	2.10	0.00	0.00
118.20	26.40	25.20	23.70	22.00	69.60	2.10	0.00	0.00
118.30	26.40	25.20	23.70	22.00	69.60	2.40	0.00	0.00
118.40	26.40	25.20	23.50	21.90	69.60	2.40	0.00	0.00
118.50	26.40	25.20	23.50	21.90	69.30	2.60	0.00	0.00
118.60	26.40	25.20	23.50	21.90	69.90	3.30	0.00	0.00
118.70	26.40	25.30	23.60	22.00	69.90	3.30	0.00	0.00
118.80	26.40	25.30	23.60	22.00	69.90	2.60	0.00	0.00
118.90	26.30	25.40	23.60	22.00	69.90	2.60	0.00	0.00
119.00	26.30	25.40	23.60	22.00	69.60	2.10	0.00	0.00
119.10	26.30	25.30	23.60	21.90	69.80	2.10	0.00	0.00
119.20	26.30	25.30	23.60	21.90	69.80	2.10	0.00	0.00
119.30	26.30	25.30	23.60	21.90	67.90	2.30	0.00	0.00
119.40	26.30	25.10	23.60	22.00	67.90	2.30	0.00	0.00
119.50	26.30	25.10	23.60	22.00	69.30	2.30	0.00	0.00
119.60	26.30	25.10	23.60	22.00	69.30	2.30	0.00	0.00
119.70	26.30	25.20	23.70	22.00	70.10	2.10	0.00	0.00
119.80	26.30	25.20	23.70	22.00	70.10	2.10	0.00	0.00
119.90	26.30	25.20	23.70	22.00	70.10	2.10	0.00	0.00
120.00	26.40	25.20	23.70	22.00	69.80	2.40	0.00	0.00
120.10	26.40	25.20	23.70	22.00	69.80	2.40	0.00	0.00
120.20	26.40	25.20	23.70	22.00	69.80	2.40	0.00	0.00
120.30	26.40	25.20	23.70	22.00	69.30	2.60	0.00	0.00
120.40	26.30	25.20	23.70	22.00	69.30	2.60	0.00	0.00
120.50	26.30	25.20	23.70	22.00	69.50	2.10	0.00	0.00
120.60	26.30	25.20	23.70	22.00	69.60	2.40	0.00	0.00
120.70	26.30	25.20	23.60	22.00	69.60	2.40	0.00	0.00
120.80	26.30	25.20	23.60	22.00	69.90	2.10	0.00	0.00
120.90	26.30	25.30	23.60	22.00	69.90	2.10	0.00	0.00
121.00	26.30	25.30	23.60	22.00	69.80	1.90	0.00	0.00
121.10	26.30	25.30	23.60	22.00	69.80	1.90	0.00	0.00
121.20	26.30	25.10	23.60	22.00	69.50	1.80	0.00	0.00
121.30	26.30	25.10	23.60	22.00	69.50	2.40	0.00	0.00
121.40	26.30	25.10	23.60	22.00	69.50	2.40	0.00	0.00
121.50	26.20	25.10	23.50	22.00	70.60	1.80	0.00	0.00
121.60	26.20	25.10	23.50	22.00	70.60	1.80	0.00	0.00
121.70	26.20	25.10	23.50	22.00	69.60	2.10	0.00	0.00
121.80	26.20	25.20	23.60	22.00	69.60	2.10	0.00	0.00
121.90	26.20	25.20	23.60	22.00	69.60	2.10	0.00	0.00
122.00	26.30	25.20	23.60	21.90	69.60	2.30	0.00	0.00
122.10	26.30	25.20	23.60	21.90	69.60	2.30	0.00	0.00
122.20	26.30	25.20	23.60	21.90	69.00	2.10	0.00	0.00
122.30	26.20	25.10	23.60	21.90	69.00	2.10	0.00	0.00
122.40	26.20	25.10	23.60	21.90	69.50	2.10	0.00	0.00
122.50	26.20	25.10	23.60	21.90	69.50	2.10	0.00	0.00
122.60	26.30	25.20	23.70	22.00	69.80	2.10	0.00	0.00
122.70	26.30	25.20	23.70	22.00	69.30	1.80	0.00	0.00
122.80	26.30	25.20	23.70	22.00	69.30	1.80	0.00	0.00
122.90	26.20	25.10	23.60	21.90	69.60	2.10	0.00	0.00
123.00	26.20	25.10	23.60	21.90	69.60	2.10	0.00	0.00
123.10	26.20	25.10	23.60	21.90	69.50	2.30	0.00	0.00
123.20	26.30	25.20	23.60	22.00	69.60	2.10	0.00	0.00
123.30	26.30	25.20	23.60	22.00	69.60	2.10	0.00	0.00
123.40	26.30	25.20	23.60	22.00	69.50	1.60	0.00	0.00
123.50	26.20	25.20	23.60	22.10	69.50	1.60	0.00	0.00
123.60	26.20	25.20	23.60	22.10	69.50	2.40	0.00	0.00
123.70	26.20	25.20	23.60	22.10	69.50	2.40	0.00	0.00
123.80	26.20	25.20	23.50	21.90	69.50	2.40	0.00	0.00
123.90	26.20	25.20	23.50	21.90	69.50	2.10	0.00	0.00
124.00	26.20	25.20	23.50	21.90	69.50	2.10	0.00	0.00
124.10	26.10	25.30	23.50	21.80	69.80	2.10	0.00	0.00
124.20	26.10	25.30	23.50	21.80	69.80	2.10	0.00	0.00
124.30	26.10	25.30	23.50	21.80	69.80	2.10	0.00	0.00
124.40	26.20	25.30	23.60	21.80	69.80	2.10	0.00	0.00
124.50	26.20	25.30	23.60	21.80	70.10	1.90	0.00	0.00
124.60	26.20	25.30	23.60	21.80	70.10	1.90	0.00	0.00
124.70	26.30	25.30	23.60	22.10	69.30	1.90	0.00	0.00
124.80	26.30	25.30	23.60	22.10	69.90	2.30	0.00	0.00
124.90	26.30	25.30	23.60	22.10	69.90	2.30	0.00	0.00
125.00	26.30	25.20	23.60	22.00	69.60	1.60	0.00	0.00
125.10	26.30	25.20	23.60	22.00	69.60	1.60	0.00	0.00
125.20	26.30	25.20	23.60	22.00	69.60	1.60	0.00	0.00
125.30	26.30	25.20	23.60	22.00	69.50	1.80	0.00	0.00
125.40	26.30	25.20	23.60	22.00	70.10	2.40	0.00	0.00
125.50	26.30	25.20	23.60	22.00	70.10	2.40	0.00	0.00
125.60	26.30	25.20	23.60	22.00	69.60	1.90	0.00	0.00
125.70	26.30	25.30	23.60	22.00	69.60	1.90	0.00	0.00
125.80	26.30	25.30	23.60	22.00	69.60	1.90	0.00	0.00
125.90	26.00	25.20	23.60	21.90	69.60	1.90	0.00	0.00
126.00	26.00	25.20	23.60	21.90	69.30	1.80	0.00	0.00
126.10	26.00	25.20	23.60	21.90	69.80	1.80	0.00	0.00
126.20	26.30	25.40	23.60	22.10	69.80	1.80	0.00	0.00
126.30	26.30	25.40	23.60	22.10	70.30	2.60	0.00	0.00
126.40	26.30	25.40	23.60	22.10	70.30	2.60	0.00	0.00
126.50	26.20	25.20	23.60	21.90	69.80	2.40	0.00	0.00
126.60	26.20	25.20	23.60	21.90	69.60	2.10	0.00	0.00
126.70	26.20	25.20	23.60	21.90	69.60	2.10	0.00	0.00
126.80	26.30	25.30	23.60	22.00	69.80	2.10	0.00	0.00
126.90	26.30	25.30	23.60	22.00	69.80	2.30	0.00	0.00
127.00	26.30	25.30	23.60	22.00	69.80	2.30	0.00	0.00
127.10	26.20	25.30	23.70	22.00	70.10	1.60	0.00	0.00
127.20	26.20	25.30	23.70	22.00	70.10	1.60	0.00	0.00
127.30	26.20	25.30	23.70	22.00	69.60	1.90	0.00	0.00
127.40	26.20	25.20	23.60	21.90	69.80	2.10	0.00	0.00
127.50	26.20	25.20	23.60	21.90	69.80	2.10	0.00	0.00
127.60	26.20	25.20	23.60	21.90	69.80	2.10	0.00	0.00
127.70	26.20	25.40	23.70	22.00	69.80	2.10	0.00	0.00
127.80	26.20	25.40	23.70	22.00	69.80	1.90	0.00	0.00
127.90	26.20	25.40	23.70	22.00	69.80	1.90	0.00	0.00
128.00	26.30	25.20	23.70	21.90	70.10	2.10	0.00	0.00
128.10	26.30	25.20	23.70	21.90	69.90	2.40	0.00	0.00
128.20	26.30	25.20	23.70	21.90	69.90	2.40	0.00	0.00
128.30	26.20	25.30	23.60	21.90	69.80	1.60	0.00	0.00
128.40	26.20	25.30	23.60	21.90	69.80	1.60	0.00	0.00
128.50	26.20	25.30	23.60	21.90	69.50	2.10	0.00	0.00
128.60	26.10	25.30	23.60	21.90	69.90	2.10	0.00	0.00
128.70	26.10	25.30	23.60	21.90	69.90	2.10	0.00	0.00
128.80	26.10	25.30	23.60	21.90	69.90	2.30	0.00	0.00
128.90	26.30	25.30	23.70	22.00	69.90	2.30	0.00	0.00
129.00	26.30	25.30	23.70	22.00	69.60	2.30	0.00	0.00
129.10	26.30	25.30	23.70	22.00	69.60	2.30	0.00	0.00
129.20	26.00	25.10	23.60	21.90	69.20	2.30	0.00	0.00
129.30	26.00	25.10	23.60	21.90	69.60	2.10	0.00	0.00
129.40	26.00	25.10	23.60	21.90	69.60	2.10	0.00	0.00
129.50	26.30	25.20	23.70	22.00	69.60	2.10	0.00	0.00
129.60	26.30	25.20	23.70	22.00	69.60	2.10	0.00	0.00
129.70	26.30	25.20	23.70	22.00	69.90	2.10	0.00	0.00
129.80	26.10	25.30	23.70	22.00	69.90	2.40	0.00	0.00
129.90	26.10	25.30	23.70	22.00	69.90	2.40	0.00	0.00
130.00	26.10	25.30	23.70	22.00	69.60	2.60	0.00	0.00
130.10	26.20	25.20	23.50	21.90	69.60	2.60	0.00	0.00
130.20	26.20	25.20	23.50	21.90	69.60	2.90	0.00	0.00
130.30	26.20	25.20	23.50	21.90	69.60	2.90	0.00	0.00
130.40	26.20	25.20	23.60	22.10	69.90	2.70	0.00	0.00
130.50	26.20	25.20	23.60	22.10	69.90	2.70	0.00	0.00
130.60	26.20	25.20	23.60	22.10	69.60	2.10	0.00	0.00
130.70	26.20	25.20	23.60	22.10	69.60	2.10	0.00	0.00
130.80	26.20	25.20	23.60	22.10	69.50	1.80	0.00	0.00
130.90	26.20	25.20	23.60	22.10	70.30	1.90	0.00	0.00
131.00	26.10	25.20	23.60	21.90	70.30	1.90	0.00	0.00
131.10	26.10	25.20	23.60	21.90	70.10	2.10	0.00	0.00
131.20	26.10	25.20	23.60	21.90	69.50	1.90	0.00	0.00
131.30	26.20	25.30	23.70	22.00	69.50	1.90	0.00	0.00
131.40	26.20	25.30	23.70	22.00	69.50	1.90	0.00	0.00
131.50	26.20	25.30	23.70	22.00	69.50	1.90	0.00	0.00
131.60	26.10	25.30	23.70	22.10	69.50	2.30	0.00	0.00
131.70	26.10	25.30	23.70	22.10	69.50	2.30	0.00	0.00
131.80	26.10	25.30	23.70	22.10	70.10	2.30	0.00	0.00
131.90	26.20	25.30	23.60	22.00	70.10	2.30	0.00	0.00
132.00	26.20	25.30	23.60	22.00	69.80	2.10	0.00	0.00
132.10	26.20	25.30	23.60	22.00	69.80	2.10	0.00	0.00
132.20	26.20	25.40	23.70	22.10	69.90	2.30	0.00	0.00
132.30	26.20	25.40	23.70	22.10	69.80	2.10	0.00	0.00
132.40	26.20	25.40	23.70	22.10	69.80	2.10	0.00	0.00
132.50	26.10	25.30	23.60	21.90	69.80	2.40	0.00	0.00
132.60	26.10	25.30	23.60	21.90	69.80	2.40	0.00	0.00
132.70	26.10	25.30	23.60	21.90	69.30	2.10	0.00	0.00
132.80	26.00	25.20	23.40	21.90	69.80	2.90	0.00	0.00
132.90	26.00	25.20	23.40	21.90	69.80	2.90	0.00	0.00
133.00	26.00	25.20	23.40	21.90	69.90	2.30	0.00	0.00
133.10	26.00	25.20	23.50	21.80	69.90	2.30	0.00	0.00
133.20	26.00	25.20	23.50	21.80	69.80	1.90	0.00	0.00
133.30	26.00	25.20	23.50	21.80	69.80	1.90	0.00	0.00
133.40	26.10	25.20	23.60	22.00	69.80	1.90	0.00	0.00
133.50	26.10	25.20	23.60	22.00	69.60	1.90	0.00	0.00
133.60	26.10	25.20	23.60	22.00	69.60	1.90	0.00	0.00
133.70	26.10	25.30	23.60	22.00	69.90	1.90	0.00	0.00
133.80	26.10	25.30	23.60	22.00	69.60	1.50	0.00	0.00
133.90	26.10	25.30	23.60	22.00	69.60	1.50	0.00	0.00
134.00	26.10	25.30	23.80	22.10	69.90	2.30	0.00	0.00
134.10	26.10	25.30	23.80	22.10	69.90	2.30	0.00	0.00
134.20	26.10	25.30	23.80	22.10	69.60	2.10	0.00	0.00
134.30	26.10	25.20	23.70	22.00	69.60	2.10	0.00	0.00
134.40	26.10	25.20	23.70	22.00	70.10	1.90	0.00	0.00
134.50	26.10	25.20	23.70	22.00	70.10	1.90	0.00	0.00
134.60	26.00	25.20	23.60	22.10	70.10	2.10	0.00	0.00
134.70	26.00	25.20	23.60	22.10	69.80	2.10	0.00	0.00
134.80	26.00	25.20	23.60	22.10	69.80	2.10	0.00	0.00
134.90	26.10	25.30	23.60	21.90	69.90	2.10	0.00	0.00
135.00	26.10	25.30	23.60	21.90	69.90	2.10	0.00	0.00
135.10	26.10	25.30	23.60	21.90	69.50	1.60	0.00	0.00
135.20	26.10	25.30	23.60	21.90	69.50	1.60	0.00	0.00
135.30	26.10	25.20	23.70	22.00	69.50	1.60	0.00	0.00
135.40	26.10	25.20	23.70	22.00	69.50	1.60	0.00	0.00
135.50	26.00	25.30	23.60	21.90	69.30	1.90	0.00	0.00
135.60	26.00	25.30	23.60	21.90	69.30	1.90	0.00	0.00
135.70	26.00	25.30	23.60	21.90	69.60	2.10	0.00	0.00
135.80	26.10	25.20	23.60	22.00	69.60	2.10	0.00	0.00
135.90	26.10	25.20	23.60	22.00	69.60	2.40	0.00	0.00
136.00	26.10	25.20	23.60	22.00	69.60	2.40	0.00	0.00
136.10	26.10	25.20	23.60	22.00	70.10	2.10	0.00	0.00
136.20	26.10	25.20	23.60	22.00	69.80	1.90	0.00	0.00
136.30	26.10	25.20	23.60	22.00	69.80	1.90	0.00	0.00
136.40	26.00	25.10	23.50	22.00	69.80	2.30	0.00	0.00
136.50	26.00	25.10	23.50	22.00	69.60	1.90	0.00	0.00
136.60	26.00	25.10	23.50	22.00	69.60	1.90	0.00	0.00
136.70	26.00	25.20	23.50	21.80	69.90	2.60	0.00	0.00
136.80	26.00	25.20	23.50	21.80	69.90	2.60	0.00	0.00
136.90	26.00	25.20	23.50	21.80	69.90	2.40	0.00	0.00
137.00	26.10	25.30	23.50	21.90	69.90	2.40	0.00	0.00
137.10	26.10	25.30	23.50	21.90	69.30	1.80	0.00	0.00
137.20	26.10	25.30	23.50	21.90	69.30	1.80	0.00	0.00
137.30	26.10	25.30	23.70	22.10	69.30	1.80	0.00	0.00
137.40	26.10	25.30	23.70	22.10	69.30	1.80	0.00	0.00
137.50	26.10	25.30	23.70	22.10	69.30	2.30	0.00	0.00
137.60	26.00	25.20	23.50	22.00	69.30	2.30	0.00	0.00
137.70	26.00	25.20	23.50	22.00	69.50	2.10	0.00	0.00
137.80	26.00	25.20	23.50	22.00	69.50	2.10	0.00	0.00
137.90	26.10	25.20	23.60	21.90	70.10	2.40	0.00	0.00
138.00	26.10	25.20	23.60	21.90	70.10	2.40	0.00	0.00
138.10	26.10	25.20	23.60	21.90	69.80	2.30	0.00	0.00
138.20	26.00	25.30	23.60	21.90	69.80	2.30	0.00	0.00
138.30	26.00	25.30	23.60	21.90	69.80	2.40	0.00	0.00
138.40	26.00	25.30	23.60	21.90	69.80	2.40	0.00	0.00
138.50	26.10	25.20	23.60	21.90	69.60	2.30	0.00	0.00
138.60	26.10	25.20	23.60	21.90	69.60	2.30	0.00	0.00
138.70	26.10	25.20	23.60	21.90	69.90	2.40	0.00	0.00
138.80	26.10	25.20	23.60	22.00	69.90	2.40	0.00	0.00
138.90	26.10	25.20	23.60	22.00	70.10	2.40	0.00	0.00
139.00	26.10	25.20	23.60	22.00	69.60	2.40	0.00	0.00
139.10	26.00	25.20	23.50	21.90	69.60	2.40	0.00	0.00
139.20	26.00	25.20	23.50	21.90	69.50	2.10	0.00	0.00
139.30	26.00	25.20	23.50	21.90	69.50	2.10	0.00	0.00
139.40	26.00	25.10	23.60	22.00	69.50	2.10	0.00	0.00
139.50	26.00	25.10	23.60	22.00	69.50	2.10	0.00	0.00
139.60	26.00	25.10	23.60	22.00	69.80	2.30	0.00	0.00
139.70	26.10	25.30	23.60	22.00	69.80	2.30	0.00	0.00
139.80	26.10	25.30	23.60	22.00	69.60	2.10	0.00	0.00
139.90	26.10	25.30	23.60	22.00	69.60	2.10	0.00	0.00
140.00	26.00	25.10	23.60	21.90	69.50	1.90	0.00	0.00
140.10	26.00	25.10	23.60	21.90	69.50	1.90	0.00	0.00
140.20	26.00	25.10	23.60	21.90	69.30	1.90	0.00	0.00
140.30	26.00	25.10	23.60	21.90	69.30	1.90	0.00	0.00
140.40	26.00	25.20	23.60	21.90	69.60	2.30	0.00	0.00
140.50	26.00	25.20	23.60	21.90	69.60	2.30	0.00	0.00
140.60	26.00	25.30	23.70	22.00	69.60	2.30	0.00	0.00
140.70	26.00	25.30	23.70	22.00	69.90	1.60	0.00	0.00
140.80	26.00	25.30	23.70	22.00	69.90	1.60	0.00	0.00
140.90	25.90	25.20	23.60	22.10	69.50	2.30	0.00	0.00
141.00	25.90	25.20	23.60	22.10	69.50	2.30	0.00	0.00
141.10	25.90	25.20	23.60	22.10	69.50	2.10	0.00	0.00
141.20	26.00	25.20	23.50	21.80	69.50	2.10	0.00	0.00
141.30	26.00	25.20	23.50	21.80	69.60	2.30	0.00	0.00
141.40	26.00	25.20	23.50	21.80	69.60	2.30	0.00	0.00
141.50	26.00	25.20	23.60	22.00	69.60	2.30	0.00	0.00
141.60	26.00	25.20	23.60	22.00	69.60	2.10	0.00	0.00
141.70	26.00	25.20	23.60	22.00	69.60	2.10	0.00	0.00
141.80	26.00	25.10	23.60	21.90	69.60	2.10	0.00	0.00
141.90	26.00	25.10	23.60	21.90	69.60	2.10	0.00	0.00
142.00	26.00	25.10	23.60	21.90	69.80	1.80	0.00	0.00
142.10	26.00	25.20	23.60	21.90	69.80	1.80	0.00	0.00
142.20	26.00	25.20	23.60	21.90	69.90	0.30	0.00	0.00
142.30	26.00	25.20	23.60	21.90	69.90	0.30	0.00	0.00
142.40	25.90	25.20	23.50	21.90	70.30	2.30	0.00	0.00
142.50	25.90	25.20	23.50	21.90	69.80	2.60	0.00	0.00
