Ambient Temperature(C): 21.0
Ambient Pressure(in Hg): 29.51
Time(s)	T1(Deg C)	Wall Temp(Deg C)	Top Plate(Deg C)	Bottom Plate(Deg C)	P1(PSI)	P2(PSI)	Mass Flowrate(g/min)	Heater Energy (kJ)

0.00	32.60	30.00	25.90	23.00	0.60	1.90	0.00	0.00
0.10	32.60	30.00	25.90	23.00	0.60	1.90	0.00	0.00
0.20	32.60	30.00	25.90	23.00	0.40	1.80	0.00	0.00
0.30	32.70	30.00	25.90	23.00	0.40	1.80	0.00	0.00
0.40	32.70	30.00	25.90	23.00	0.40	1.80	0.00	0.00
0.50	32.70	30.00	25.90	23.00	0.60	1.80	0.00	0.00
0.60	32.90	29.90	25.90	22.90	0.60	1.80	0.00	0.00
0.70	32.90	29.90	25.90	22.90	0.30	1.80	0.00	0.00
0.80	32.70	30.10	25.90	23.00	0.60	2.10	0.00	0.00
0.90	32.70	30.10	25.90	23.00	0.60	2.10	0.00	0.00
1.00	32.70	30.10	25.90	23.00	0.30	1.90	0.00	0.00
1.10	32.70	29.90	25.80	23.00	0.60	2.40	0.00	0.00
1.20	32.70	29.90	25.80	23.00	0.60	2.40	0.00	0.00
1.30	32.80	30.00	25.90	22.90	0.70	2.40	0.00	0.00
1.40	32.80	30.00	25.90	22.90	0.60	1.60	0.00	0.00
1.50	32.80	30.00	25.90	22.90	0.60	1.60	0.00	0.00
1.60	32.80	30.00	25.90	23.00	0.40	1.60	0.00	0.00
1.70	32.80	30.00	25.90	23.00	0.90	1.30	0.00	0.00
1.80	32.90	30.10	25.90	22.90	0.70	2.30	0.00	0.00
1.90	32.90	30.10	25.90	22.90	0.70	2.30	0.00	0.00
2.00	32.90	29.90	25.80	22.90	0.70	2.30	0.00	0.00
2.10	32.90	29.90	25.80	22.90	0.70	2.30	0.00	0.00
2.20	32.90	29.90	25.80	22.90	0.60	1.90	0.00	0.00
2.30	32.90	30.10	25.80	23.00	0.60	1.90	0.00	0.00
2.40	32.90	30.10	25.80	23.00	0.30	1.50	0.00	0.00
2.50	32.80	30.10	25.90	23.00	0.70	2.10	0.00	0.00
2.60	32.80	30.10	25.90	23.00	0.70	2.10	0.00	0.00
2.70	32.80	30.10	25.90	23.00	1.00	1.90	0.00	0.00
2.80	33.00	30.00	25.90	23.00	0.40	1.90	0.00	0.00
2.90	33.00	30.00	25.90	23.00	0.40	1.90	0.00	0.00
3.00	33.00	29.90	25.90	23.00	0.60	1.50	0.00	0.00
3.10	33.00	29.90	25.90	23.00	0.60	1.50	0.00	0.00
3.20	33.00	29.90	25.90	23.00	0.30	1.80	0.00	0.00
3.30	32.90	30.00	25.90	22.90	0.30	1.80	0.00	0.00
3.40	32.90	30.00	25.90	22.90	0.60	1.60	0.00	0.00
3.50	32.90	29.90	25.80	22.90	0.90	1.80	0.00	0.00
3.60	32.90	29.90	25.80	22.90	0.90	1.80	0.00	0.00
3.70	32.90	29.90	25.80	22.90	0.90	2.30	0.00	0.00
3.80	33.00	30.00	25.90	22.90	0.90	2.30	0.00	0.00
3.90	33.00	30.00	25.90	22.90	0.90	2.30	0.00	0.00
4.00	33.00	30.00	25.90	23.10	0.60	1.90	0.00	0.00
4.10	33.00	30.00	25.90	23.10	0.30	1.90	0.00	0.00
4.20	33.00	30.00	25.90	23.10	0.30	1.90	0.00	0.00
4.30	33.00	30.00	25.90	23.00	0.70	1.80	0.00	0.00
4.40	33.00	30.00	25.90	23.00	0.40	1.60	0.00	0.00
4.50	33.00	30.00	25.90	23.00	0.40	1.60	0.00	0.00
4.60	33.10	30.00	25.90	23.00	0.60	2.10	0.00	0.00
4.70	33.10	30.00	25.90	23.00	0.60	1.50	0.00	0.00
4.80	33.00	30.00	25.90	22.90	0.30	1.80	0.00	0.00
4.90	33.00	30.00	25.90	22.90	0.30	1.80	0.00	0.00
5.00	33.00	30.10	25.90	23.00	0.90	2.60	0.00	0.00
5.10	33.00	30.10	25.90	23.00	0.70	1.80	0.00	0.00
5.20	33.00	30.10	25.90	23.00	0.70	1.80	0.00	0.00
5.30	33.00	30.00	25.80	22.90	0.40	1.80	0.00	0.00
5.40	33.00	30.00	25.80	22.90	0.40	1.80	0.00	0.00
5.50	32.70	30.10	26.00	23.10	0.40	1.80	0.00	0.00
5.60	32.70	30.10	26.00	23.10	3.00	2.30	0.00	0.00
5.70	32.70	30.10	26.00	23.10	2.70	2.90	0.00	0.00
5.80	33.40	30.10	25.80	22.80	2.70	2.90	0.00	0.00
5.90	33.40	30.10	25.80	22.80	2.70	2.40	0.00	0.00
6.00	33.60	30.00	25.90	22.90	3.30	2.30	0.00	0.00
6.10	33.60	30.00	25.90	22.90	3.30	2.30	0.00	0.00
6.20	33.60	30.00	25.90	22.90	2.60	2.70	0.00	0.00
6.30	33.90	30.00	25.80	22.90	2.60	2.70	0.00	0.00
6.40	33.90	30.00	25.80	22.90	2.70	2.30	0.00	0.00
6.50	34.00	30.00	25.90	23.10	2.40	2.30	0.00	0.00
6.60	34.00	30.00	25.90	23.10	2.70	2.60	0.00	0.00
6.70	34.00	30.00	25.90	23.10	2.70	2.60	0.00	0.00
6.80	33.80	30.10	26.00	23.00	3.00	2.30	0.00	0.00
6.90	33.80	30.10	26.00	23.00	2.60	2.70	0.00	0.00
7.00	33.80	30.10	26.00	23.00	2.60	2.70	0.00	0.00
7.10	34.00	30.10	25.90	23.10	2.60	2.70	0.00	0.00
7.20	34.00	30.10	25.90	23.10	2.60	2.70	0.00	0.00
7.30	34.00	30.10	25.90	23.10	2.70	2.10	0.00	0.00
7.40	33.90	30.00	25.80	22.90	2.60	2.70	0.00	0.00
7.50	33.90	30.00	25.80	22.90	2.60	2.70	0.00	0.00
7.60	33.90	30.10	26.00	23.00	2.10	2.60	0.00	0.00
7.70	33.90	30.10	26.00	23.00	2.10	2.60	0.00	0.00
7.80	33.90	30.10	26.00	23.00	2.70	2.60	0.00	0.00
7.90	33.80	30.00	25.90	23.00	2.60	2.60	0.00	0.00
8.00	33.80	30.00	25.90	23.00	2.60	2.60	0.00	0.00
8.10	33.70	30.00	25.80	22.90	2.40	2.40	0.00	0.00
8.20	33.70	30.00	25.80	22.90	2.70	2.40	0.00	0.00
8.30	33.70	30.00	25.80	22.90	2.70	2.40	0.00	0.00
8.40	33.70	30.20	25.90	23.10	3.00	2.60	0.00	0.00
8.50	33.70	30.20	25.90	23.10	2.90	2.70	0.00	0.00
8.60	33.60	30.00	25.80	23.00	2.70	2.30	0.00	0.00
8.70	33.60	30.00	25.80	23.00	2.70	2.30	0.00	0.00
8.80	33.60	30.00	25.80	23.00	2.70	2.30	0.00	0.00
8.90	33.60	30.00	25.80	23.00	2.70	2.30	0.00	0.00
9.00	33.60	30.00	25.80	23.00	2.70	2.40	0.00	0.00
9.10	33.60	30.10	25.80	23.00	2.60	2.60	0.00	0.00
9.20	33.60	30.10	25.80	23.00	2.60	2.60	0.00	0.00
9.30	33.60	30.00	25.80	23.00	2.60	2.40	0.00	0.00
9.40	33.60	30.00	25.80	23.00	2.40	2.70	0.00	0.00
9.50	33.60	30.00	25.80	23.00	2.90	2.30	0.00	0.00
9.60	33.50	30.00	25.90	23.00	2.90	2.30	0.00	0.00
9.70	33.50	30.00	25.90	23.00	2.90	2.60	0.00	0.00
9.80	33.50	29.80	25.80	23.00	2.70	2.30	0.00	0.00
9.90	33.50	29.80	25.80	23.00	2.70	2.30	0.00	0.00
10.00	33.60	30.00	25.90	23.00	3.50	2.10	0.00	0.00
10.10	33.60	30.00	25.90	23.00	3.50	2.10	0.00	0.00
10.20	33.60	30.00	25.90	23.00	2.30	2.70	0.00	0.00
10.30	33.40	29.90	25.80	22.90	2.30	2.70	0.00	0.00
10.40	33.40	29.90	25.80	22.90	2.60	2.60	24.99	0.00
10.50	33.40	29.90	25.80	22.90	2.60	2.60	28.32	0.00
10.60	33.40	29.80	25.80	23.00	2.60	2.60	49.27	0.00
10.70	33.40	29.80	25.80	23.00	2.90	2.60	9.07	0.00
10.80	33.40	30.10	25.80	23.00	3.00	2.30	32.71	0.00
10.90	33.40	30.10	25.80	23.00	3.00	2.30	51.21	0.00
11.00	33.40	30.10	25.80	23.00	3.20	2.40	19.05	0.00
11.10	33.80	30.00	25.80	22.90	3.90	2.70	38.55	0.00
11.20	33.80	30.00	25.80	22.90	3.90	2.70	37.76	0.00
11.30	33.80	30.00	25.80	22.90	3.50	1.90	24.79	0.00
11.40	34.10	30.00	25.90	23.00	3.60	2.70	29.54	0.00
11.50	34.10	30.00	25.90	23.00	3.60	2.70	18.94	0.00
11.60	34.30	29.90	25.80	22.90	4.10	2.60	28.51	0.00
11.70	34.30	29.90	25.80	22.90	4.40	2.90	27.15	0.00
11.80	34.30	29.90	25.80	22.90	4.40	2.90	23.21	0.00
11.90	34.40	30.10	25.80	23.10	4.40	2.10	30.76	0.00
12.00	34.40	30.10	25.80	23.10	4.30	2.60	47.03	0.00
12.10	34.40	30.10	25.80	23.10	4.30	2.60	56.68	0.00
12.20	34.70	30.10	26.00	23.00	4.30	2.60	21.95	0.00
12.30	34.70	30.10	26.00	23.00	4.30	2.60	47.06	0.00
12.40	34.70	30.10	26.00	23.00	4.70	2.40	30.19	0.00
12.50	34.60	30.10	25.90	23.00	5.00	2.40	57.59	0.00
12.60	34.60	30.10	25.90	23.00	5.00	2.40	27.55	0.00
12.70	35.00	30.10	25.90	23.00	5.20	2.40	25.86	0.00
12.80	35.00	30.10	25.90	23.00	5.20	2.30	28.66	0.00
12.90	35.00	30.10	25.90	23.00	5.60	2.60	42.29	0.00
13.00	35.10	30.10	25.90	23.00	5.60	2.60	55.29	0.00
13.10	35.10	30.10	25.90	23.00	5.20	2.30	16.19	0.00
13.20	35.00	29.90	25.70	22.90	5.20	2.30	37.72	0.00
13.30	35.00	29.90	25.70	22.90	5.80	2.10	14.87	0.00
13.40	35.00	29.90	25.70	22.90	5.80	2.60	44.31	0.00
13.50	35.20	30.10	25.90	23.00	5.80	2.60	23.70	0.00
13.60	35.20	30.10	25.90	23.00	6.10	2.10	51.58	0.00
13.70	35.10	30.00	25.80	22.90	6.10	2.60	28.61	0.00
13.80	35.10	30.00	25.80	22.90	6.10	2.60	22.74	0.00
13.90	35.10	30.00	25.80	22.90	6.10	2.60	35.58	0.00
14.00	35.20	30.00	25.80	23.00	6.10	2.60	27.73	0.00
14.10	35.20	30.00	25.80	23.00	6.60	2.40	17.56	0.00
14.20	35.30	30.10	25.90	23.00	6.70	2.60	20.10	0.00
14.30	35.30	30.10	25.90	23.00	6.70	2.60	49.79	0.00
14.40	35.30	30.10	25.90	23.00	6.60	1.90	24.14	0.00
14.50	35.40	30.00	25.80	23.00	7.20	2.30	50.83	0.00
14.60	35.40	30.00	25.80	23.00	7.20	2.30	32.61	0.00
14.70	35.70	30.10	25.90	23.00	7.20	2.30	38.44	0.00
14.80	35.70	30.10	25.90	23.00	6.90	2.60	56.99	0.00
14.90	35.60	30.10	25.90	23.00	6.90	2.60	27.63	0.00
15.00	35.60	30.10	25.90	23.00	7.00	2.90	12.99	0.00
15.10	35.60	30.10	25.90	23.00	7.30	2.30	24.84	0.00
15.20	35.70	30.00	25.90	23.00	7.30	2.30	48.14	0.00
15.30	35.70	30.00	25.90	23.00	7.00	2.60	56.87	0.00
15.40	35.70	30.00	25.90	23.00	7.00	2.60	42.72	0.00
15.50	35.70	30.20	26.10	23.10	8.10	2.40	21.35	0.00
15.60	35.70	30.20	26.10	23.10	8.10	2.40	24.77	0.00
15.70	35.60	30.10	25.90	22.80	8.10	2.40	38.50	0.00
15.80	35.60	30.10	25.90	22.80	8.10	2.40	58.98	0.00
15.90	35.90	30.00	25.90	23.00	7.50	2.90	56.63	0.00
16.00	35.90	30.00	25.90	23.00	7.50	2.90	37.97	0.00
16.10	35.90	30.00	25.90	23.00	8.90	2.30	24.24	0.00
16.20	35.80	30.10	26.00	23.10	8.30	2.60	22.80	0.00
16.30	35.80	30.10	26.00	23.10	8.30	2.60	40.62	0.00
16.40	35.80	30.10	26.00	23.10	8.30	2.40	12.22	0.00
16.50	36.10	30.00	25.90	23.00	8.60	1.90	14.04	0.00
16.60	36.10	30.00	25.90	23.00	8.60	1.90	25.20	0.00
16.70	36.10	30.10	25.90	22.90	9.30	2.10	31.35	0.00
16.80	36.10	30.10	25.90	22.90	9.00	2.40	26.90	0.00
16.90	36.10	30.10	25.90	22.90	9.00	2.40	32.34	0.00
17.00	36.20	30.10	25.90	23.10	9.00	2.40	36.73	0.00
17.10	36.20	30.10	25.90	23.10	9.30	2.30	53.08	0.00
17.20	36.10	30.00	25.90	22.90	9.30	2.30	31.97	0.00
17.30	36.10	30.00	25.90	22.90	9.30	2.30	25.65	0.00
17.40	36.10	30.00	25.90	22.90	9.80	2.70	35.70	0.00
17.50	36.00	30.00	25.90	23.00	9.80	2.70	20.98	0.00
17.60	36.00	30.00	25.90	23.00	10.30	2.60	24.13	0.00
17.70	36.10	30.00	25.80	22.90	9.90	2.10	23.36	0.00
17.80	36.10	30.00	25.80	22.90	9.90	2.10	31.20	0.00
17.90	36.10	30.00	25.80	22.90	10.60	2.30	23.21	0.00
18.00	36.20	30.10	25.90	23.00	10.40	2.40	18.94	0.00
18.10	36.20	30.10	25.90	23.00	10.40	2.40	13.47	0.00
18.20	36.20	30.10	25.90	23.00	10.40	1.90	22.12	0.00
18.30	36.40	30.20	25.80	23.10	10.40	1.90	16.80	0.00
18.40	36.40	30.20	25.80	23.10	10.60	2.70	23.41	0.00
18.50	36.30	30.10	25.90	22.90	10.70	2.40	22.69	0.00
18.60	36.30	30.10	25.90	22.90	10.70	2.40	18.94	0.00
18.70	36.40	30.10	25.90	23.00	11.30	2.60	21.69	0.00
18.80	36.40	30.10	25.90	23.00	11.30	2.60	20.97	0.00
18.90	36.40	30.10	25.90	23.00	11.30	2.60	27.73	0.00
19.00	36.70	30.10	25.90	23.00	11.30	2.60	17.54	0.00
19.10	36.70	30.10	25.90	23.00	11.30	2.60	33.58	0.00
19.20	36.70	30.10	25.80	22.90	11.80	2.30	45.13	0.00
19.30	36.70	30.10	25.80	22.90	11.80	2.30	49.20	0.00
19.40	36.70	30.10	25.80	22.90	11.60	2.60	48.66	0.00
19.50	36.60	30.00	25.90	22.90	11.50	2.30	46.01	0.00
19.60	36.60	30.00	25.90	22.90	11.50	2.30	52.97	0.00
19.70	36.60	30.00	25.90	22.90	11.80	2.40	53.94	0.00
19.80	36.50	30.10	25.80	22.90	11.90	1.90	49.82	0.00
19.90	36.50	30.10	25.80	22.90	11.90	1.90	51.09	0.00
20.00	36.50	30.10	25.80	22.90	12.30	2.30	54.51	0.00
20.10	36.70	30.20	25.90	23.00	12.30	2.40	5.55	0.00
20.20	36.70	30.20	25.90	23.00	12.30	2.40	19.19	0.00
20.30	36.70	30.20	25.90	23.00	12.70	2.10	21.10	0.00
20.40	36.80	30.20	25.90	23.00	12.70	2.60	23.55	0.00
20.50	36.80	30.20	25.90	23.00	12.70	2.60	31.99	0.00
20.60	36.80	30.00	25.90	22.90	13.20	2.40	32.45	0.00
20.70	36.80	30.00	25.90	22.90	13.20	2.40	40.43	0.00
20.80	36.80	30.00	25.80	22.90	13.20	2.40	44.86	0.00
20.90	36.80	30.00	25.80	22.90	13.50	2.40	42.00	0.00
21.00	36.80	30.00	25.80	22.90	13.20	2.70	55.59	0.00
21.10	36.80	30.10	25.90	23.00	13.20	2.70	7.02	0.00
21.20	36.80	30.10	25.90	23.00	13.20	2.70	24.25	0.00
21.30	36.80	30.10	25.90	23.00	13.50	2.60	20.16	0.00
21.40	36.90	30.10	25.80	23.00	14.10	2.70	32.69	0.00
21.50	36.90	30.10	25.80	23.00	14.10	2.70	39.40	0.00
21.60	36.80	30.00	25.70	22.90	13.90	2.40	39.01	0.00
21.70	36.80	30.00	25.70	22.90	14.30	2.90	51.11	0.00
21.80	36.90	30.00	26.00	23.10	14.10	2.60	48.00	0.00
21.90	36.90	30.00	26.00	23.10	14.10	2.60	51.71	0.00
22.00	36.90	30.00	26.00	23.10	13.80	2.40	54.56	0.00
22.10	37.10	30.10	25.90	23.00	14.40	2.10	36.70	0.00
22.20	37.10	30.10	25.90	23.00	14.40	2.10	18.29	0.00
22.30	37.10	30.10	25.90	23.00	14.40	2.10	20.09	0.00
22.40	37.10	30.10	25.90	23.00	14.60	2.30	23.47	0.00
22.50	37.10	30.10	25.90	23.00	14.60	2.30	32.63	0.00
22.60	37.20	30.20	25.90	23.00	14.60	2.30	31.91	0.00
22.70	37.20	30.20	25.90	23.00	14.60	2.30	41.25	0.00
22.80	37.20	30.20	25.90	23.00	14.60	2.60	21.82	0.00
22.90	37.00	30.00	25.90	23.00	15.20	2.70	44.12	0.00
23.00	37.00	30.00	25.90	23.00	15.20	2.70	16.97	0.00
23.10	37.10	30.10	25.90	23.10	15.20	3.00	20.66	0.00
23.20	37.10	30.10	25.90	23.10	14.90	2.30	24.22	0.00
23.30	37.10	30.10	25.90	23.10	14.90	2.30	44.01	0.00
23.40	37.20	30.00	25.90	23.00	15.80	2.40	46.65	0.00
23.50	37.20	30.00	25.90	23.00	15.80	2.40	44.41	0.00
23.60	37.20	30.00	25.90	23.00	15.90	2.30	29.22	0.00
23.70	37.10	30.00	25.80	22.90	15.50	2.60	25.28	0.00
23.80	37.10	30.00	25.80	22.90	15.50	2.60	41.35	0.00
23.90	37.10	30.00	25.80	22.90	15.90	2.30	30.94	0.00
24.00	37.20	30.10	26.10	23.00	15.90	2.60	40.87	0.00
24.10	37.20	30.10	26.10	23.00	15.90	2.60	8.16	0.00
24.20	37.20	30.10	26.10	23.00	15.80	2.60	19.60	0.00
24.30	37.20	30.00	25.90	23.00	15.80	2.60	20.07	0.00
24.40	37.20	30.00	25.90	23.00	15.80	2.60	22.39	0.00
24.50	37.10	29.90	25.80	22.90	16.60	2.90	21.39	0.00
24.60	37.10	29.90	25.80	22.90	16.60	2.90	26.55	0.00
24.70	37.20	30.20	25.90	23.10	16.90	2.40	20.92	0.00
24.80	37.20	30.20	25.90	23.10	16.90	2.40	21.58	0.00
24.90	37.20	30.20	25.90	23.10	16.90	2.30	23.67	0.00
25.00	37.20	30.10	26.00	23.10	17.20	1.90	28.90	0.00
25.10	37.20	30.10	26.00	23.10	17.20	1.90	28.40	0.00
25.20	37.20	30.10	26.00	23.10	17.00	2.40	34.25	0.00
25.30	37.40	30.10	26.00	23.10	17.00	2.40	26.27	0.00
25.40	37.40	30.10	26.00	23.10	17.30	2.10	25.89	0.00
25.50	37.20	30.20	25.90	23.00	17.80	3.20	21.83	0.00
25.60	37.20	30.20	25.90	23.00	17.80	3.20	26.94	0.00
25.70	37.20	30.20	25.90	23.00	17.90	2.40	26.04	0.00
25.80	37.30	30.00	25.90	23.00	17.90	2.40	17.72	0.00
25.90	37.30	30.00	25.90	23.00	17.90	2.40	21.51	0.00
26.00	37.30	30.00	25.90	23.00	18.30	2.60	22.61	0.00
26.10	37.30	30.10	26.00	23.10	18.30	2.60	36.74	0.00
26.20	37.30	30.10	26.00	23.10	18.30	2.60	28.03	0.00
26.30	37.30	30.10	26.00	23.10	18.30	2.60	23.15	0.00
26.40	37.30	30.10	25.90	23.00	18.60	2.70	43.26	0.00
26.50	37.30	30.10	25.90	23.00	18.70	2.30	50.72	0.00
26.60	37.40	29.90	25.80	22.90	18.70	2.30	20.12	0.00
26.70	37.40	29.90	25.80	22.90	18.90	2.40	20.09	0.00
26.80	37.40	30.00	25.90	23.00	18.70	2.30	22.24	0.00
26.90	37.40	30.00	25.90	23.00	18.70	2.30	21.00	0.00
27.00	37.40	30.10	25.90	23.10	18.40	2.30	23.38	0.00
27.10	37.40	30.10	25.90	23.10	18.40	2.30	39.49	0.00
27.20	37.40	30.10	25.90	23.10	19.20	2.60	50.37	0.00
27.30	37.40	30.10	25.90	23.10	19.20	2.60	47.96	0.00
27.40	37.40	30.00	25.80	23.00	19.20	2.40	48.21	0.00
27.50	37.40	30.00	25.80	23.00	19.60	2.40	47.94	0.00
27.60	37.50	30.00	25.90	22.90	19.60	2.40	43.97	0.00
27.70	37.50	30.00	25.90	22.90	19.80	2.40	42.49	0.00
27.80	37.40	30.00	25.80	23.00	20.10	2.60	8.43	0.00
27.90	37.40	30.00	25.80	23.00	20.10	2.60	24.45	0.00
28.00	37.50	30.00	25.90	23.00	20.10	2.60	26.25	0.00
28.10	37.50	30.00	25.90	23.00	20.10	2.60	30.18	0.00
28.20	37.50	30.00	25.90	23.00	20.10	2.10	34.87	0.00
28.30	37.40	30.10	25.90	23.00	20.10	2.10	56.61	0.00
28.40	37.40	30.10	25.90	23.00	20.40	2.10	44.13	0.00
28.50	37.40	30.10	25.90	23.00	20.30	2.60	21.47	0.00
28.60	37.50	29.90	25.90	23.00	20.30	2.60	25.44	0.00
28.70	37.50	29.90	25.90	23.00	20.70	2.40	23.40	0.00
28.80	37.30	30.00	26.00	23.00	20.30	2.30	20.19	0.00
28.90	37.30	30.00	26.00	23.00	20.30	2.30	42.60	0.00
29.00	37.30	30.00	26.00	23.00	21.20	2.90	51.71	0.00
29.10	37.40	29.90	25.90	22.80	21.00	2.40	51.68	0.00
29.20	37.40	29.90	25.90	22.80	21.00	2.40	25.67	0.00
29.30	37.40	29.90	25.90	22.80	21.30	2.30	15.18	0.00
29.40	37.60	30.00	25.90	22.90	21.30	2.30	41.03	0.00
29.50	37.60	30.00	25.90	22.90	20.90	2.90	33.53	0.00
29.60	37.40	30.00	25.90	23.00	21.80	2.40	32.52	0.00
29.70	37.40	30.00	25.90	23.00	21.80	2.40	16.29	0.00
29.80	37.60	30.10	26.00	23.00	21.80	2.40	26.37	0.00
29.90	37.60	30.10	26.00	23.00	21.80	2.40	19.09	0.00
30.00	37.60	30.00	25.80	23.00	21.90	2.10	29.54	0.00
30.10	37.60	30.00	25.80	23.00	21.80	2.30	29.00	0.00
30.20	37.60	30.00	25.80	23.00	21.80	2.30	23.48	0.00
30.30	37.60	30.20	25.90	23.00	21.00	2.70	34.47	0.00
30.40	37.60	30.20	25.90	23.00	22.30	2.40	7.33	0.00
30.50	37.60	30.20	25.90	23.00	22.30	2.40	15.88	0.00
30.60	37.50	30.00	25.90	23.00	22.60	2.40	37.09	0.00
30.70	37.50	30.00	25.90	23.00	22.60	2.40	53.30	0.00
30.80	37.50	30.00	25.90	23.00	22.30	2.10	50.34	0.00
30.90	37.70	29.90	25.90	23.00	22.90	2.70	47.41	0.00
31.00	37.70	29.90	25.90	23.00	22.90	2.70	41.58	0.00
31.10	37.60	30.00	25.90	22.80	23.20	2.70	56.18	0.00
31.20	37.60	30.00	25.90	22.80	23.20	2.70	43.35	0.00
31.30	37.60	30.00	25.90	22.80	23.30	2.60	45.34	0.00
31.40	37.70	30.00	25.80	22.90	22.70	2.10	40.34	0.00
31.50	37.70	30.00	25.80	22.90	22.70	2.10	8.89	0.00
31.60	37.70	30.00	25.90	22.90	22.70	2.10	20.41	0.00
31.70	37.70	30.00	25.90	22.90	22.70	2.10	45.41	0.00
31.80	37.70	30.00	25.90	22.90	23.50	2.70	13.83	0.00
31.90	37.60	29.90	25.80	22.90	23.60	2.40	10.85	0.00
32.00	37.60	29.90	25.80	22.90	23.60	2.40	39.63	0.00
32.10	37.50	30.00	25.80	22.90	23.80	2.10	31.54	0.00
32.20	37.50	30.00	25.80	22.90	23.80	2.10	26.66	0.00
32.30	37.50	30.00	25.80	22.90	23.60	2.30	25.48	0.00
32.40	37.70	30.00	26.00	23.10	23.60	2.30	20.39	0.00
32.50	37.70	30.00	26.00	23.10	24.30	3.30	44.57	0.00
32.60	37.60	30.00	25.90	23.00	24.10	2.30	38.91	0.00
32.70	37.60	30.00	25.90	23.00	24.10	2.30	34.98	0.00
32.80	37.60	30.00	25.90	23.00	24.60	2.60	25.36	0.00
32.90	37.70	29.90	25.80	23.00	24.30	2.30	26.82	0.00
33.00	37.70	29.90	25.80	23.00	24.30	2.30	48.78	0.00
33.10	37.70	30.10	25.90	23.10	25.20	2.60	53.85	0.00
33.20	37.70	30.10	25.90	23.10	25.20	2.60	19.20	0.00
33.30	37.70	30.10	25.90	23.10	24.70	2.60	16.68	0.00
33.40	37.70	29.90	25.80	22.90	24.70	2.60	13.65	0.00
33.50	37.70	29.90	25.80	22.90	24.70	2.60	24.26	0.00
33.60	37.90	30.10	26.00	23.00	24.70	2.40	41.49	0.00
33.70	37.90	30.10	26.00	23.00	24.70	2.40	30.97	0.00
33.80	37.80	30.10	26.00	23.10	25.50	2.30	25.28	0.00
33.90	37.80	30.10	26.00	23.10	25.50	2.30	25.25	0.00
34.00	37.80	30.10	26.00	23.10	25.60	2.70	21.76	0.00
34.10	37.70	30.00	25.90	23.00	25.50	2.60	19.49	0.00
34.20	37.70	30.00	25.90	23.00	25.50	2.60	34.42	0.00
34.30	37.70	30.00	25.90	23.00	25.50	2.60	31.04	0.00
34.40	37.90	30.00	25.90	23.10	24.90	2.10	44.53	0.00
34.50	37.90	30.00	25.90	23.10	26.10	2.60	54.11	0.00
34.60	37.90	30.00	25.90	23.10	26.10	2.60	25.69	0.00
34.70	37.80	30.00	26.00	23.10	25.60	2.40	40.11	0.00
34.80	37.80	30.00	26.00	23.10	25.90	1.80	42.30	0.00
34.90	37.80	30.00	26.00	23.10	25.90	1.80	47.73	0.00
35.00	37.70	30.10	25.90	23.00	25.80	2.10	46.91	0.00
35.10	37.70	30.10	25.90	23.00	26.30	2.30	52.52	0.00
35.20	37.70	30.10	25.90	23.00	26.30	2.30	53.32	0.00
35.30	37.70	30.00	25.90	22.90	26.30	2.30	5.19	0.00
35.40	37.70	30.00	25.90	22.90	26.30	2.30	24.50	0.00
35.50	37.70	30.00	25.90	22.90	26.70	2.60	24.07	0.00
35.60	37.90	30.20	26.00	23.00	27.00	2.60	53.43	0.00
35.70	37.90	30.20	26.00	23.00	27.00	2.60	48.76	0.00
35.80	37.90	30.20	26.00	23.00	27.00	2.60	8.47	0.00
35.90	38.00	30.00	25.90	23.00	27.20	2.30	13.11	0.00
36.00	38.00	30.00	25.90	23.00	27.20	2.30	22.58	0.00
36.10	37.90	30.00	25.90	23.00	27.30	2.30	40.91	0.00
36.20	37.90	30.00	25.90	23.00	27.30	2.30	54.68	0.00
36.30	37.90	30.00	25.90	23.00	26.90	2.70	4.88	0.00
36.40	37.80	29.90	25.90	23.00	27.60	2.40	27.18	0.00
36.50	37.80	29.90	25.90	23.00	27.60	2.40	53.20	0.00
36.60	37.80	29.90	25.90	23.00	27.50	2.40	22.92	0.00
36.70	37.90	30.00	25.90	23.00	27.80	2.60	25.91	0.00
36.80	37.90	30.00	25.90	23.00	27.80	2.60	44.21	0.00
36.90	37.90	30.00	25.90	23.00	28.30	2.40	6.30	0.00
37.00	37.80	30.00	25.90	23.00	28.30	2.40	46.32	0.00
37.10	37.80	30.00	25.90	23.00	28.30	2.40	7.72	0.00
37.20	37.80	30.10	25.80	23.00	28.30	2.60	19.00	0.00
37.30	37.80	30.10	25.80	23.00	28.30	2.60	27.03	0.00
37.40	37.80	30.10	25.80	23.00	28.60	2.10	27.39	0.00
37.50	37.90	30.00	25.90	23.00	28.60	2.10	51.23	0.00
37.60	37.90	30.00	25.90	23.00	28.60	2.40	22.11	0.00
37.70	37.90	30.00	25.90	23.00	28.60	2.90	54.03	0.00
37.80	37.70	30.10	25.90	23.00	28.90	2.10	23.16	0.00
37.90	37.70	30.10	25.90	23.00	28.90	2.10	55.58	0.00
38.00	37.90	30.00	25.90	23.00	28.70	2.30	22.64	0.00
38.10	37.90	30.00	25.90	23.00	28.70	2.30	48.60	0.00
38.20	37.90	30.00	25.90	23.00	29.20	2.60	20.91	0.00
38.30	37.90	30.10	26.00	23.10	29.20	2.60	18.75	0.00
38.40	37.90	30.10	26.00	23.10	29.00	2.10	24.02	0.00
38.50	37.90	29.90	25.90	23.00	29.00	2.10	27.68	0.00
38.60	37.90	29.90	25.90	23.00	29.50	2.10	21.55	0.00
38.70	37.90	29.90	25.90	23.00	29.60	2.60	18.65	0.00
38.80	37.80	30.10	25.90	23.00	29.60	2.60	20.97	0.00
38.90	37.80	30.10	25.90	23.00	29.60	2.60	36.56	0.00
39.00	37.80	30.10	25.90	23.00	29.90	2.60	38.97	0.00
39.10	37.80	30.10	25.90	23.00	29.90	2.60	18.29	0.00
39.20	37.80	30.10	25.90	23.00	29.80	2.70	14.47	0.00
39.30	37.80	30.00	25.90	22.90	30.30	2.60	20.93	0.00
39.40	37.80	30.00	25.90	22.90	30.30	2.60	12.15	0.00
39.50	37.80	30.00	25.90	22.90	30.10	2.30	55.38	0.00
39.60	37.80	30.10	25.80	22.90	30.30	2.90	33.44	0.00
39.70	37.80	30.10	25.80	22.90	30.30	2.90	41.53	0.00
39.80	38.00	30.10	26.00	23.10	30.30	2.30	20.08	0.00
39.90	38.00	30.10	26.00	23.10	30.30	2.30	43.25	0.00
40.00	38.00	30.10	26.00	23.10	30.70	2.30	53.22	0.00
40.10	37.90	30.00	25.90	22.90	30.70	2.30	48.75	0.00
40.20	37.90	30.00	25.90	22.90	30.70	2.30	35.09	0.00
40.30	37.90	30.00	25.90	22.90	31.20	2.30	37.57	0.00
40.40	37.90	30.10	25.90	23.10	31.00	2.60	51.36	0.00
40.50	37.90	30.10	25.90	23.10	31.00	2.60	16.37	0.00
40.60	37.80	30.00	25.90	23.00	31.00	2.60	33.98	0.00
40.70	37.80	30.00	25.90	23.00	31.00	2.60	29.68	0.00
40.80	37.80	30.00	25.90	23.00	31.50	2.10	46.41	0.00
40.90	37.80	30.00	25.80	22.90	31.60	2.10	55.03	0.00
41.00	37.80	30.00	25.80	22.90	31.60	2.10	43.90	0.00
41.10	37.90	30.00	25.90	23.00	31.60	2.60	25.55	0.00
41.20	37.90	30.00	25.90	23.00	31.60	2.60	36.03	0.00
41.30	37.90	30.00	25.90	23.00	31.80	2.30	30.09	0.00
41.40	38.00	29.90	25.90	23.00	31.80	2.40	39.79	0.00
41.50	38.00	29.90	25.90	23.00	31.80	2.40	35.39	0.00
41.60	38.00	29.90	25.90	23.00	32.10	1.90	39.37	0.00
41.70	37.90	29.90	25.80	22.90	32.70	2.30	26.81	0.00
41.80	37.90	29.90	25.80	22.90	32.70	2.30	40.68	0.00
41.90	37.80	29.90	25.90	22.90	32.70	2.10	30.91	0.00
42.00	37.80	29.90	25.90	22.90	32.70	2.10	14.88	0.00
42.10	37.80	29.90	25.90	22.90	32.70	2.60	14.72	0.00
42.20	37.90	30.00	25.90	23.00	32.70	2.60	16.81	0.00
42.30	37.90	30.00	25.90	23.00	32.90	2.40	41.24	0.00
42.40	37.90	30.00	25.90	23.00	32.90	2.40	45.44	0.00
42.50	38.00	30.00	26.00	23.00	32.90	2.40	22.63	0.00
42.60	38.00	30.00	26.00	23.00	32.90	2.40	16.72	0.00
42.70	38.00	30.00	26.00	23.00	32.70	2.10	24.99	0.00
42.80	37.80	30.00	25.80	22.90	33.50	2.10	40.48	0.00
42.90	37.80	30.00	25.80	22.90	33.50	2.10	20.84	0.00
43.00	37.90	30.00	25.90	23.10	33.50	2.60	38.88	0.00
43.10	37.90	30.00	25.90	23.10	33.50	2.60	32.65	0.00
43.20	37.90	30.00	25.90	23.10	31.50	2.60	22.60	0.00
43.30	37.90	30.00	25.90	22.90	33.30	2.40	30.16	0.00
43.40	37.90	30.00	25.90	22.90	33.30	2.40	33.38	0.00
43.50	37.90	30.10	26.00	23.10	33.50	2.40	20.96	0.00
43.60	37.90	30.10	26.00	23.10	33.50	2.10	30.44	0.00
43.70	37.90	30.10	26.00	23.10	33.50	2.10	55.29	0.00
43.80	37.80	30.00	26.00	22.90	33.60	1.90	7.52	0.00
43.90	37.80	30.00	26.00	22.90	33.60	1.90	38.87	0.00
44.00	37.80	30.00	26.00	22.90	34.40	2.10	6.86	0.00
44.10	37.90	30.00	26.00	22.90	33.90	2.30	16.79	0.00
44.20	37.90	30.00	26.00	22.90	33.90	2.30	33.97	0.00
44.30	37.90	30.00	26.00	22.90	33.90	2.30	49.29	0.00
44.40	37.80	30.00	25.90	22.90	33.90	2.30	11.05	0.00
44.50	37.80	30.00	25.90	22.90	34.30	2.30	22.15	0.00
44.60	37.80	30.00	25.90	22.90	34.60	2.30	14.33	0.00
44.70	37.90	30.10	26.00	23.00	34.60	2.30	14.78	0.00
44.80	37.90	30.10	26.00	23.00	35.20	2.60	30.14	0.00
44.90	37.90	30.00	25.90	23.00	35.20	2.70	53.13	0.00
45.00	37.90	30.00	25.90	23.00	35.20	2.70	43.28	0.00
45.10	37.90	30.00	26.00	23.10	35.20	2.10	31.64	0.00
45.20	37.90	30.00	26.00	23.10	35.20	2.10	20.15	0.00
45.30	37.90	30.00	26.00	23.10	35.00	2.10	47.42	0.00
45.40	38.00	30.00	25.80	23.00	35.50	2.10	34.56	0.00
45.50	38.00	30.00	25.80	23.00	35.50	2.10	25.30	0.00
45.60	37.80	30.00	26.00	22.90	35.30	2.90	9.63	0.00
45.70	37.80	30.00	26.00	22.90	35.30	2.90	36.93	0.00
45.80	37.80	30.00	26.00	22.90	35.80	2.40	20.99	0.00
45.90	37.80	30.10	25.90	22.90	35.50	1.90	43.49	0.00
46.00	37.80	30.10	25.90	22.90	35.50	1.90	31.65	0.00
46.10	37.80	30.10	25.90	22.90	35.50	1.90	19.97	0.00
46.20	37.80	30.00	25.80	22.90	35.50	1.90	47.96	0.00
46.30	37.80	30.00	25.80	22.90	36.40	2.40	51.94	0.00
46.40	37.80	30.00	25.80	22.90	36.40	2.40	37.39	0.00
46.50	37.90	30.10	26.00	23.00	36.10	2.60	27.55	0.00
46.60	37.90	30.10	26.00	23.00	36.60	2.60	43.67	0.00
46.70	37.80	30.00	26.00	23.00	36.60	2.60	9.15	0.00
46.80	37.80	30.00	26.00	23.00	36.60	2.30	23.67	0.00
46.90	37.80	30.00	26.00	23.00	36.60	1.90	23.98	0.00
47.00	37.90	29.90	25.90	23.00	36.60	1.90	22.80	0.00
47.10	37.90	29.90	25.90	23.00	36.90	2.30	29.03	0.00
47.20	37.90	30.00	25.90	23.00	37.00	3.00	22.60	0.00
47.30	37.90	30.00	25.90	23.00	37.00	3.00	16.67	0.00
47.40	37.90	30.00	25.90	23.00	37.30	2.90	16.74	0.00
47.50	37.80	30.00	25.90	22.90	37.20	2.60	27.62	0.00
47.60	37.80	30.00	25.90	22.90	37.20	2.60	22.60	0.00
47.70	37.80	30.10	25.90	23.00	37.90	2.30	31.96	0.00
47.80	37.80	30.10	25.90	23.00	37.90	2.30	26.97	0.00
47.90	37.80	30.10	25.90	23.00	37.90	2.30	20.52	0.00
48.00	38.00	30.00	26.10	23.00	37.80	2.30	17.70	0.00
48.10	38.00	30.00	26.10	23.00	37.80	2.30	41.56	0.00
48.20	38.00	30.00	26.10	23.00	37.80	2.40	50.06	0.00
48.30	37.90	30.00	26.00	23.00	37.80	2.40	43.10	0.00
48.40	37.90	30.00	26.00	23.00	37.80	2.30	21.39	0.00
48.50	37.90	30.00	26.00	23.00	37.80	2.30	20.76	0.00
48.60	38.10	30.00	26.00	22.90	38.40	2.60	29.94	0.00
48.70	38.10	30.00	26.00	22.90	38.10	2.40	42.72	0.00
48.80	38.10	30.00	26.00	22.90	38.10	2.40	45.76	0.00
48.90	37.90	29.90	25.90	23.00	38.60	2.70	31.53	0.00
49.00	37.90	29.90	25.90	23.00	38.90	2.30	55.09	0.00
49.10	37.90	29.90	25.90	23.00	38.90	2.30	49.61	0.00
49.20	38.10	29.90	25.90	23.00	38.60	2.70	34.00	0.00
49.30	38.10	29.90	25.90	23.00	38.60	2.40	54.88	0.00
49.40	38.10	29.90	25.90	23.00	38.90	2.60	31.16	0.00
49.50	38.10	29.90	26.00	23.00	38.90	2.60	21.57	0.00
49.60	38.10	29.90	26.00	23.00	38.90	2.60	38.61	0.00
49.70	38.00	30.00	25.90	23.00	39.20	2.60	40.81	0.00
49.80	38.00	30.00	25.90	23.00	39.20	2.60	3.73	0.00
49.90	37.90	29.90	25.90	23.00	39.30	2.60	34.38	0.00
50.00	37.90	29.90	25.90	23.00	39.30	2.60	22.73	0.00
50.10	37.90	29.90	25.90	23.00	39.30	2.30	42.02	0.00
50.20	38.10	30.10	26.00	23.10	39.30	2.30	3.50	0.00
50.30	38.10	30.10	26.00	23.10	39.80	0.70	26.32	0.00
50.40	38.10	30.10	26.00	23.10	39.80	0.70	20.40	0.00
50.50	37.80	30.00	25.90	22.90	40.10	2.40	29.11	0.00
50.60	37.80	30.00	25.90	22.90	39.80	2.30	22.31	0.00
50.70	37.80	30.00	25.90	22.90	39.80	2.30	22.72	0.00
50.80	37.90	30.10	25.90	23.10	39.80	2.10	26.18	0.00
50.90	37.90	30.10	25.90	23.10	39.80	2.10	23.04	0.00
51.00	37.90	30.10	25.90	23.10	39.90	1.90	28.43	0.00
51.10	37.80	30.00	26.00	23.00	40.10	2.10	42.68	0.00
51.20	37.80	30.00	26.00	23.00	40.10	2.10	46.39	0.00
51.30	37.60	30.00	25.90	23.10	39.90	2.70	49.35	0.00
51.40	37.60	30.00	25.90	23.10	39.90	2.70	52.33	0.00
51.50	37.60	30.00	25.90	23.10	39.90	2.70	58.05	0.00
51.60	37.60	30.20	26.00	23.10	39.80	2.40	35.50	0.00
51.70	37.60	30.20	26.00	23.10	39.80	2.40	29.21	0.00
51.80	37.60	30.10	26.00	23.10	39.80	2.10	12.79	0.00
51.90	37.60	30.10	26.00	23.10	39.80	2.10	8.54	0.00
52.00	37.60	30.10	26.00	23.10	40.10	2.70	6.39	0.00
52.10	37.20	29.90	25.80	22.90	39.60	2.10	4.96	0.00
52.20	37.20	29.90	25.80	22.90	39.60	2.10	3.99	0.00
52.30	37.20	29.90	25.80	22.90	39.60	2.10	3.39	0.00
52.40	37.20	30.00	26.00	23.10	39.80	3.00	2.94	0.00
52.50	37.20	30.00	26.00	23.10	39.80	3.00	2.52	0.00
52.60	37.20	30.00	26.00	23.10	39.60	2.10	2.26	0.00
52.70	37.10	30.00	26.00	22.90	39.60	2.10	1.97	0.00
52.80	37.10	30.00	26.00	22.90	39.30	2.30	1.78	0.00
52.90	37.10	30.00	26.00	22.90	40.10	2.10	1.57	0.00
53.00	36.90	29.90	25.90	23.00	40.10	2.10	1.44	0.00
53.10	36.90	29.90	25.90	23.00	39.60	2.30	1.33	0.00
53.20	37.10	30.20	26.10	23.20	39.60	2.30	1.18	0.00
53.30	37.10	30.20	26.10	23.20	39.80	2.70	1.04	0.00
53.40	36.80	29.90	25.90	23.00	39.80	2.70	0.96	0.00
53.50	36.80	29.90	25.90	23.00	39.80	2.70	0.90	0.00
53.60	36.90	30.10	26.00	23.00	39.60	2.10	0.86	0.00
53.70	36.90	30.10	26.00	23.00	39.90	2.30	0.75	0.00
53.80	36.90	30.10	26.00	23.00	39.90	2.30	0.70	0.00
53.90	36.70	29.90	25.80	22.90	40.10	2.30	0.65	0.00
54.00	36.70	29.90	25.80	22.90	39.60	2.10	0.56	0.00
54.10	36.70	29.90	25.80	22.90	39.60	2.10	0.51	0.00
54.20	36.70	29.90	25.80	22.90	39.60	2.10	0.51	0.00
54.30	36.50	29.90	25.90	23.00	39.30	2.30	0.49	0.00
54.40	36.50	29.90	25.90	23.00	39.60	2.40	0.39	0.00
54.50	36.50	29.90	25.90	22.90	39.60	2.40	0.36	0.00
54.60	36.50	29.90	25.90	22.90	40.70	1.90	0.39	0.00
54.70	36.40	30.00	26.00	23.10	40.70	1.90	0.36	0.00
54.80	36.40	30.00	26.00	23.10	40.10	2.40	0.36	0.00
54.90	36.40	30.00	26.00	23.10	39.60	2.70	0.32	0.00
55.00	36.50	29.90	25.90	22.90	39.60	2.70	0.28	0.00
55.10	36.50	29.90	25.90	22.90	39.60	2.70	0.25	0.00
55.20	36.70	30.10	26.10	23.00	39.60	2.70	0.20	0.00
55.30	36.70	30.10	26.10	23.00	39.60	2.70	0.19	0.00
55.40	36.70	30.10	26.10	23.00	39.00	2.60	0.19	0.00
55.50	36.50	30.10	26.00	23.10	39.00	2.60	0.15	0.00
55.60	36.50	30.10	26.00	23.10	39.80	1.90	0.12	0.00
55.70	36.40	30.00	26.00	23.00	39.80	1.90	0.12	0.00
55.80	36.40	30.00	26.00	23.00	39.90	3.30	0.09	0.00
55.90	36.30	29.90	25.90	22.90	39.90	3.30	0.13	0.00
56.00	36.30	29.90	25.90	22.90	39.50	2.10	0.13	0.00
56.10	36.30	29.90	25.90	22.90	39.60	2.30	0.15	0.00
56.20	36.30	30.00	25.90	23.00	39.60	2.30	0.13	0.00
56.30	36.30	30.00	25.90	23.00	39.60	1.80	0.12	0.00
56.40	36.30	30.00	25.90	23.00	39.60	1.80	0.17	0.00
56.50	36.30	30.00	26.00	23.00	39.60	2.60	0.07	0.00
56.60	36.30	30.00	26.00	23.00	39.60	2.60	0.12	0.00
56.70	36.30	30.00	26.00	23.00	39.20	2.30	0.12	0.00
56.80	36.20	30.00	25.90	23.00	39.60	2.60	0.12	0.00
56.90	36.20	30.00	25.90	23.00	39.60	2.60	0.12	0.00
57.00	36.10	29.80	25.80	22.90	39.50	1.80	0.15	0.00
57.10	36.10	29.80	25.80	22.90	39.50	1.80	0.15	0.00
57.20	36.10	29.80	25.80	22.90	39.50	1.80	0.13	0.00
57.30	36.10	30.00	25.90	22.90	39.50	1.80	0.09	0.00
57.40	36.10	30.00	25.90	22.90	39.90	2.40	0.12	0.00
57.50	36.10	29.90	25.90	23.00	39.50	2.60	0.12	0.00
57.60	36.10	29.90	25.90	23.00	39.50	2.60	0.12	0.00
57.70	36.20	30.00	26.00	23.00	39.50	2.10	0.09	0.00
57.80	36.20	30.00	26.00	23.00	38.40	2.60	0.09	0.00
57.90	36.20	30.00	26.00	23.00	38.40	2.60	0.12	0.00
58.00	36.20	30.00	26.10	23.00	39.90	2.10	0.12	0.00
58.10	36.20	30.00	26.10	23.00	39.80	2.10	0.09	0.00
58.20	36.20	30.00	26.10	23.00	39.80	2.10	0.12	0.00
58.30	36.20	29.90	26.00	23.00	39.30	1.90	0.12	0.00
58.40	36.20	29.90	26.00	23.00	39.50	2.10	0.07	0.00
58.50	36.20	29.90	26.00	23.00	39.50	2.10	0.09	0.00
58.60	36.10	30.00	25.90	22.90	39.80	2.60	0.12	0.00
58.70	36.10	30.00	25.90	22.90	39.80	2.60	0.12	0.00
58.80	36.10	30.00	25.90	22.90	39.20	2.40	0.09	0.00
58.90	36.10	30.00	25.90	23.00	39.20	2.40	0.06	0.00
59.00	36.10	30.00	25.90	23.00	39.20	2.40	0.09	0.00
59.10	36.00	30.00	25.90	22.90	39.30	2.40	0.07	0.00
59.20	36.00	30.00	25.90	22.90	39.30	2.40	0.09	0.00
59.30	36.00	30.00	25.90	22.90	39.30	2.70	0.09	0.00
59.40	36.00	30.00	25.80	23.00	39.50	2.10	0.09	0.00
59.50	36.00	30.00	25.80	23.00	39.50	2.10	0.07	0.00
59.60	36.00	30.00	26.00	23.00	40.60	2.10	0.09	0.00
59.70	36.00	30.00	26.00	23.00	40.60	2.10	0.07	0.00
59.80	36.00	30.00	26.00	23.00	39.30	2.10	0.09	0.00
59.90	36.00	29.90	25.80	23.00	39.30	2.70	0.06	0.00
60.00	36.00	29.90	25.80	23.00	39.30	2.70	0.06	0.00
60.10	36.00	29.90	25.80	23.00	39.60	1.90	0.12	0.00
60.20	36.00	29.90	25.80	23.00	39.60	1.90	0.07	0.00
60.30	36.10	30.10	26.10	23.10	39.60	1.90	0.07	0.00
60.40	36.10	30.10	26.10	23.10	39.90	0.30	0.12	0.00
60.50	36.10	30.10	26.10	23.10	39.90	0.30	0.07	0.00
60.60	36.00	29.90	25.90	23.10	39.50	2.40	0.09	0.00
60.70	36.00	29.90	25.90	23.10	39.50	2.40	0.07	0.00
60.80	36.00	29.90	25.90	23.10	39.50	2.40	0.07	0.00
60.90	36.00	29.90	25.90	23.10	39.60	2.40	0.04	0.00
61.00	36.00	30.10	26.10	23.00	39.60	2.40	0.07	0.00
61.10	36.00	30.10	26.10	23.00	39.60	2.40	0.06	0.00
61.20	36.00	30.10	26.10	23.00	39.60	2.40	0.09	0.00
61.30	36.00	30.10	26.10	22.90	39.50	2.30	0.02	0.00
61.40	36.00	30.10	26.10	22.90	39.50	2.30	0.04	0.00
61.50	36.00	30.10	26.10	22.90	39.50	2.70	-0.04	0.00
61.60	35.80	29.90	25.90	22.90	39.20	2.60	0.00	0.00
61.70	35.80	29.90	25.90	22.90	39.20	2.60	-0.02	0.00
61.80	35.90	30.10	25.90	23.10	39.20	2.30	0.02	0.00
61.90	35.90	30.10	25.90	23.10	39.20	2.30	0.04	0.00
62.00	35.90	30.10	25.90	23.10	39.30	2.10	0.06	0.00
62.10	35.90	30.00	26.00	23.10	39.80	2.60	0.04	0.00
62.20	35.90	30.00	26.00	23.10	39.80	2.60	0.04	0.00
62.30	35.90	30.00	26.00	23.10	37.80	2.60	0.00	0.00
62.40	35.80	30.00	25.90	23.00	37.80	2.60	0.00	0.00
62.50	35.80	30.00	25.90	23.00	39.60	2.70	0.00	0.00
62.60	35.80	30.00	26.00	23.00	39.60	2.70	0.00	0.00
62.70	35.80	30.00	26.00	23.00	39.60	2.10	0.00	0.00
62.80	35.80	30.00	26.00	23.00	39.60	2.40	0.00	0.00
62.90	35.70	29.90	25.90	22.90	39.60	2.40	0.00	0.00
63.00	35.70	29.90	25.90	22.90	39.60	2.40	0.00	0.00
63.10	35.70	29.90	25.90	22.90	39.60	2.40	0.00	0.00
63.20	35.70	30.10	25.90	23.00	39.50	2.40	0.00	0.00
63.30	35.70	30.10	25.90	23.00	39.50	2.40	0.00	0.00
63.40	35.70	30.00	26.00	23.00	39.50	2.40	0.00	0.00
63.50	35.70	30.00	26.00	23.00	39.50	2.40	0.00	0.00
63.60	35.70	30.00	26.00	23.00	39.90	2.60	0.00	0.00
63.70	35.90	30.20	26.10	23.10	39.60	2.60	0.00	0.00
63.80	35.90	30.20	26.10	23.10	39.60	2.60	0.00	0.00
63.90	35.90	30.20	26.10	23.10	39.30	2.10	0.00	0.00
64.00	35.80	30.00	26.00	23.00	39.30	2.10	0.00	0.00
64.10	35.80	30.00	26.00	23.00	39.50	2.30	0.00	0.00
64.20	35.80	30.00	26.00	23.00	39.50	2.30	0.00	0.00
64.30	35.70	30.00	26.10	23.10	40.60	1.90	0.00	0.00
64.40	35.70	30.00	26.10	23.10	40.60	1.90	0.00	0.00
64.50	35.60	29.90	25.90	22.90	39.90	1.90	0.00	0.00
64.60	35.60	29.90	25.90	22.90	39.30	2.40	0.00	0.00
64.70	35.60	29.90	25.90	22.90	39.30	2.40	0.00	0.00
64.80	35.60	29.90	26.00	23.00	39.60	2.70	0.00	0.00
64.90	35.60	29.90	26.00	23.00	39.60	2.70	0.00	0.00
65.00	35.60	29.90	26.00	23.00	39.60	2.70	0.00	0.00
65.10	35.70	30.20	26.10	23.10	39.60	2.70	0.00	0.00
65.20	35.70	30.20	26.10	23.10	39.60	2.10	0.00	0.00
65.30	35.70	30.20	26.10	23.10	39.80	1.90	0.00	0.00
65.40	35.70	30.10	25.90	23.00	39.80	1.90	0.00	0.00
65.50	35.70	30.10	25.90	23.00	39.30	2.40	0.00	0.00
65.60	35.70	30.00	26.00	23.10	39.30	2.40	0.00	0.00
65.70	35.70	30.00	26.00	23.10	39.50	2.30	0.00	0.00
65.80	35.70	30.00	26.00	23.10	39.80	2.60	0.00	0.00
65.90	35.60	30.20	26.00	23.10	39.80	2.60	0.00	0.00
66.00	35.60	30.20	26.00	23.10	39.60	2.60	0.00	0.00
66.10	35.60	30.10	26.00	23.10	39.60	2.60	0.00	0.00
66.20	35.60	30.10	26.00	23.10	39.50	1.90	0.00	0.00
66.30	35.60	30.10	26.00	23.10	39.50	1.90	0.00	0.00
66.40	35.50	30.00	25.80	22.90	39.60	3.50	0.00	0.00
66.50	35.50	30.00	25.80	22.90	39.60	3.50	0.00	0.00
66.60	35.50	30.00	25.80	22.90	39.60	2.70	0.00	0.00
66.70	35.60	30.10	25.90	23.10	39.60	2.40	0.00	0.00
66.80	35.60	30.10	25.90	23.10	39.60	2.40	0.00	0.00
66.90	35.60	29.90	26.00	23.10	39.60	2.40	0.00	0.00
67.00	35.60	29.90	26.00	23.10	39.60	2.40	0.00	0.00
67.10	35.60	29.90	26.00	23.10	39.60	2.30	0.00	0.00
67.20	35.60	30.00	25.90	23.00	39.60	2.30	0.00	0.00
67.30	35.60	30.00	25.90	23.00	39.60	2.30	0.00	0.00
67.40	35.70	30.10	26.10	23.00	39.50	2.40	0.00	0.00
67.50	35.70	30.10	26.10	23.00	39.60	2.10	0.00	0.00
67.60	35.70	30.10	26.10	23.00	39.60	2.10	0.00	0.00
67.70	35.50	30.00	26.00	23.00	39.90	1.80	0.00	0.00
67.80	35.50	30.00	26.00	23.00	39.90	1.80	0.00	0.00
67.90	35.50	30.00	26.00	23.00	39.60	2.60	0.00	0.00
68.00	35.60	29.90	26.00	23.00	39.50	1.90	0.00	0.00
68.10	35.60	29.90	26.00	23.00	39.50	1.90	0.00	0.00
68.20	35.60	29.90	26.00	23.00	39.60	2.60	0.00	0.00
68.30	35.60	30.10	25.90	23.10	39.60	2.60	0.00	0.00
68.40	35.60	30.10	25.90	23.10	39.60	2.30	0.00	0.00
68.50	35.60	30.10	25.90	23.10	39.60	2.30	0.00	0.00
68.60	35.60	30.10	26.10	23.20	39.30	2.30	0.00	0.00
68.70	35.60	30.10	26.10	23.20	39.30	2.30	0.00	0.00
68.80	35.60	30.10	26.10	23.20	39.30	2.30	0.00	0.00
68.90	35.60	30.00	26.00	23.10	39.50	2.60	0.00	0.00
69.00	35.60	30.00	26.00	23.10	39.50	2.60	0.00	0.00
69.10	35.50	30.10	26.10	23.10	39.50	2.30	0.00	0.00
69.20	35.50	30.10	26.10	23.10	39.50	2.30	0.00	0.00
69.30	35.50	30.10	26.10	23.10	39.60	2.40	0.00	0.00
69.40	35.50	30.00	26.00	23.00	39.20	2.30	0.00	0.00
69.50	35.50	30.00	26.00	23.00	39.20	2.30	0.00	0.00
69.60	35.50	30.00	26.00	23.00	39.30	2.60	0.00	0.00
69.70	35.50	30.00	26.00	23.00	39.30	2.60	0.00	0.00
69.80	35.50	30.00	26.00	23.00	39.50	2.40	0.00	0.00
69.90	35.30	29.90	26.00	23.00	39.60	2.60	0.00	0.00
70.00	35.30	29.90	26.00	23.00	39.60	2.60	0.00	0.00
70.10	35.30	29.90	26.00	23.00	39.50	2.30	0.00	0.00
70.20	35.30	29.90	26.00	23.00	39.50	2.30	0.00	0.00
70.30	35.50	30.00	25.90	23.10	39.50	2.40	0.00	0.00
70.40	35.50	30.00	25.90	23.10	39.50	2.40	0.00	0.00
70.50	35.40	30.00	26.00	23.00	39.20	2.10	0.00	0.00
70.60	35.40	30.00	26.00	23.00	39.20	2.10	0.00	0.00
70.70	35.40	30.00	26.00	23.00	39.20	2.10	0.00	0.00
70.80	35.40	30.00	26.00	23.10	39.60	2.30	0.00	0.00
70.90	35.40	30.00	26.00	23.10	39.60	2.30	0.00	0.00
71.00	35.40	30.00	26.00	23.00	39.30	2.10	0.00	0.00
71.10	35.40	30.00	26.00	23.00	39.30	2.10	0.00	0.00
71.20	35.40	30.00	26.00	23.00	39.30	2.30	0.00	0.00
71.30	35.40	30.00	26.00	23.10	39.30	2.30	0.00	0.00
71.40	35.40	30.00	26.00	23.10	39.90	2.60	0.00	0.00
71.50	35.40	30.10	26.00	23.00	39.80	2.40	0.00	0.00
71.60	35.40	30.10	26.00	23.00	39.80	2.40	0.00	0.00
71.70	35.40	30.10	26.00	23.00	39.50	1.90	0.00	0.00
71.80	35.30	30.00	26.00	22.90	39.80	2.60	0.00	0.00
71.90	35.30	30.00	26.00	22.90	39.80	2.60	0.00	0.00
72.00	35.30	30.00	26.10	22.90	39.60	2.60	0.00	0.00
72.10	35.30	30.00	26.10	22.90	39.60	2.60	0.00	0.00
72.20	35.30	30.00	26.10	22.90	39.30	2.40	0.00	0.00
72.30	35.30	30.00	26.10	22.90	39.30	2.40	0.00	0.00
72.40	35.40	30.20	26.10	23.20	39.60	2.90	0.00	0.00
72.50	35.40	30.20	26.10	23.20	39.60	2.90	0.00	0.00
72.60	35.40	30.10	26.10	23.10	39.60	2.90	0.00	0.00
72.70	35.40	30.10	26.10	23.10	39.60	2.90	0.00	0.00
72.80	35.40	30.10	26.10	23.10	39.60	2.40	0.00	0.00
72.90	35.40	30.10	26.20	23.10	39.60	2.40	0.00	0.00
73.00	35.40	30.10	26.20	23.10	39.90	2.90	0.00	0.00
73.10	35.40	30.10	26.20	23.10	39.30	2.30	0.00	0.00
73.20	35.20	30.00	25.90	23.00	39.30	2.30	0.00	0.00
73.30	35.20	30.00	25.90	23.00	39.30	2.40	0.00	0.00
73.40	35.30	30.00	26.00	23.00	39.30	2.60	0.00	0.00
73.50	35.30	30.00	26.00	23.00	39.30	2.60	0.00	0.00
73.60	35.40	30.00	25.90	23.00	39.50	2.40	0.00	0.00
73.70	35.40	30.00	25.90	23.00	39.50	2.40	0.00	0.00
73.80	35.40	30.00	25.90	23.00	39.80	2.10	0.00	0.00
73.90	35.30	30.10	26.10	23.00	39.50	2.30	0.00	0.00
74.00	35.30	30.10	26.10	23.00	39.50	2.30	0.00	0.00
74.10	35.30	30.10	26.10	23.00	40.40	1.90	0.00	0.00
74.20	35.30	30.00	26.00	23.00	40.40	1.90	0.00	0.00
74.30	35.30	30.00	26.00	23.00	39.20	2.30	0.00	0.00
74.40	35.30	30.00	26.00	23.00	39.20	2.30	0.00	0.00
74.50	35.30	30.10	26.10	23.20	39.20	2.30	0.00	0.00
74.60	35.30	30.10	26.10	23.20	39.60	2.60	0.00	0.00
74.70	35.30	30.10	26.10	23.20	39.60	2.60	0.00	0.00
74.80	35.30	30.00	26.10	23.10	39.30	2.30	0.00	0.00
74.90	35.30	30.00	26.10	23.10	39.50	2.40	0.00	0.00
75.00	35.30	30.00	26.10	23.10	39.30	0.30	0.00	0.00
75.10	35.40	30.00	26.00	23.20	39.30	0.30	0.00	0.00
75.20	35.40	30.00	26.00	23.20	39.50	2.60	0.00	0.00
75.30	35.40	30.00	26.00	23.20	39.50	2.60	0.00	0.00
75.40	35.20	29.90	25.90	23.00	39.60	2.40	0.00	0.00
75.50	35.20	29.90	25.90	23.00	39.60	2.40	0.00	0.00
75.60	35.20	29.90	25.90	23.00	39.30	2.60	0.00	0.00
75.70	35.10	30.00	26.00	23.00	39.80	2.30	0.00	0.00
75.80	35.10	30.00	26.00	23.00	39.80	2.30	0.00	0.00
75.90	35.10	30.00	26.00	23.00	39.60	2.30	0.00	0.00
76.00	35.20	30.00	26.00	23.00	39.60	2.30	0.00	0.00
76.10	35.20	30.00	26.00	23.00	39.80	2.40	0.00	0.00
76.20	35.20	30.00	26.00	23.00	39.80	2.40	0.00	0.00
76.30	35.20	29.90	26.00	22.90	39.80	2.40	0.00	0.00
76.40	35.20	29.90	26.00	22.90	39.60	2.40	0.00	0.00
76.50	35.40	30.00	26.10	23.10	39.20	2.30	0.00	0.00
76.60	35.40	30.00	26.10	23.10	39.20	2.30	0.00	0.00
76.70	35.40	30.00	26.10	23.10	39.50	2.60	0.00	0.00
76.80	35.30	30.20	26.10	23.20	39.30	2.40	0.00	0.00
76.90	35.30	30.20	26.10	23.20	39.30	2.40	0.00	0.00
77.00	35.10	29.90	25.90	23.00	39.80	2.40	0.00	0.00
77.10	35.10	29.90	25.90	23.00	39.30	2.40	0.00	0.00
77.20	35.10	29.90	25.90	23.00	39.30	2.40	0.00	0.00
77.30	35.20	30.00	26.00	23.00	39.80	2.70	0.00	0.00
77.40	35.20	30.00	26.00	23.00	39.80	2.70	0.00	0.00
77.50	35.20	30.00	26.00	23.00	39.80	2.40	0.00	0.00
77.60	35.10	30.00	26.00	23.10	39.30	2.40	0.00	0.00
77.70	35.10	30.00	26.00	23.10	39.30	2.40	0.00	0.00
77.80	35.10	30.00	26.20	23.10	39.20	2.30	0.00	0.00
77.90	35.10	30.00	26.20	23.10	39.20	2.30	0.00	0.00
78.00	35.10	30.00	26.20	23.10	39.20	2.30	0.00	0.00
78.10	35.30	30.10	26.10	23.10	39.20	2.30	0.00	0.00
78.20	35.30	30.10	26.10	23.10	39.20	2.30	0.00	0.00
78.30	35.30	30.10	26.10	23.10	39.20	2.40	0.00	0.00
78.40	35.30	30.20	26.20	23.20	39.20	2.40	0.00	0.00
78.50	35.30	30.20	26.20	23.20	39.50	2.40	0.00	0.00
78.60	34.90	29.90	25.80	22.80	39.60	2.30	0.00	0.00
78.70	34.90	29.90	25.80	22.80	39.60	2.30	0.00	0.00
78.80	35.20	30.00	26.00	22.90	39.00	2.70	0.00	0.00
78.90	35.20	30.00	26.00	22.90	39.00	2.70	0.00	0.00
79.00	35.20	30.00	26.00	22.90	39.50	1.60	0.00	0.00
79.10	34.90	30.00	25.80	23.00	39.30	2.10	0.00	0.00
79.20	34.90	30.00	25.80	23.00	39.30	2.10	0.00	0.00
79.30	35.00	30.10	26.10	23.10	39.80	2.30	0.00	0.00
79.40	35.00	30.10	26.10	23.10	39.30	2.60	0.00	0.00
79.50	35.00	30.10	26.10	23.10	39.30	2.60	0.00	0.00
79.60	35.10	30.00	26.10	23.00	39.50	2.30	0.00	0.00
79.70	35.10	30.00	26.10	23.00	39.50	2.30	0.00	0.00
79.80	35.10	30.00	26.10	23.00	39.50	2.30	0.00	0.00
79.90	35.10	30.00	26.00	23.10	39.30	2.40	0.00	0.00
80.00	35.10	30.00	26.00	23.10	39.30	2.40	0.00	0.00
80.10	35.10	30.00	26.00	23.10	39.30	2.40	0.00	0.00
80.20	35.00	30.10	26.10	23.20	39.30	2.40	0.00	0.00
80.30	35.00	30.10	26.10	23.20	39.60	2.70	0.00	0.00
80.40	35.00	30.10	26.10	23.20	39.60	2.70	0.00	0.00
80.50	35.10	30.00	25.90	23.10	39.80	2.90	0.00	0.00
80.60	35.10	30.00	25.90	23.10	39.80	2.40	0.00	0.00
80.70	35.10	30.00	25.90	23.10	39.80	2.40	0.00	0.00
80.80	35.00	30.00	26.00	23.10	39.80	2.40	0.00	0.00
80.90	35.00	30.00	26.00	23.10	39.90	1.60	0.00	0.00
81.00	35.00	30.00	26.00	23.10	39.90	1.60	0.00	0.00
81.10	35.10	30.10	26.10	23.10	39.20	2.10	0.00	0.00
81.20	35.10	30.10	26.10	23.10	39.00	2.10	0.00	0.00
81.30	35.10	30.10	26.10	23.10	39.00	2.10	0.00	0.00
81.40	35.00	30.10	26.00	23.20	39.60	2.30	0.00	0.00
81.50	35.00	30.10	26.00	23.20	39.60	2.30	0.00	0.00
81.60	35.00	30.10	26.00	23.20	39.60	2.30	0.00	0.00
81.70	35.00	30.00	26.00	23.10	39.80	2.70	0.00	0.00
81.80	35.00	30.00	26.00	23.10	39.80	2.70	0.00	0.00
81.90	35.00	30.00	26.00	23.10	39.30	2.30	0.00	0.00
82.00	35.00	30.10	26.00	23.10	39.20	2.30	0.00	0.00
82.10	35.00	30.10	26.00	23.10	39.20	2.30	0.00	0.00
82.20	34.90	30.00	26.00	23.10	39.50	2.40	0.00	0.00
82.30	34.90	30.00	26.00	23.10	39.50	2.40	0.00	0.00
82.40	34.90	30.00	26.00	23.10	39.30	2.40	0.00	0.00
82.50	34.90	30.10	26.00	23.00	39.60	2.10	0.00	0.00
82.60	34.90	30.10	26.00	23.00	39.60	2.10	0.00	0.00
82.70	35.00	30.00	25.90	23.00	39.50	2.30	0.00	0.00
82.80	35.00	30.00	25.90	23.00	39.50	2.30	0.00	0.00
82.90	35.00	30.00	25.90	23.00	39.50	2.40	0.00	0.00
83.00	35.10	30.10	26.00	23.10	39.30	2.40	0.00	0.00
83.10	35.10	30.10	26.00	23.10	39.30	2.40	0.00	0.00
83.20	35.00	30.10	26.10	23.10	39.30	2.70	0.00	0.00
83.30	35.00	30.10	26.10	23.10	39.30	2.70	0.00	0.00
83.40	35.00	30.10	26.10	23.10	39.30	2.70	0.00	0.00
83.50	35.10	30.10	26.10	23.10	39.30	2.60	0.00	0.00
83.60	35.10	30.10	26.10	23.10	39.30	2.60	0.00	0.00
83.70	34.90	30.10	26.00	23.10	39.50	2.40	0.00	0.00
83.80	34.90	30.10	26.00	23.10	39.50	2.40	0.00	0.00
83.90	34.90	30.10	26.00	23.10	39.30	2.30	0.00	0.00
84.00	35.00	30.20	26.00	23.10	39.60	2.30	0.00	0.00
84.10	35.00	30.20	26.00	23.10	39.60	2.30	0.00	0.00
84.20	34.90	30.10	26.00	23.00	39.80	2.60	0.00	0.00
84.30	34.90	30.10	26.00	23.00	39.80	2.60	0.00	0.00
84.40	34.90	30.10	26.00	23.00	39.60	2.40	0.00	0.00
84.50	35.00	30.10	26.10	23.10	39.80	2.40	0.00	0.00
84.60	35.00	30.10	26.10	23.10	39.80	2.40	0.00	0.00
84.70	35.00	30.10	26.10	23.10	39.30	2.70	0.00	0.00
84.80	35.00	30.10	26.10	23.00	39.30	2.70	0.00	0.00
84.90	35.00	30.10	26.10	23.00	39.90	2.30	0.00	0.00
85.00	35.00	30.00	26.10	23.10	39.80	2.40	0.00	0.00
85.10	35.00	30.00	26.10	23.10	39.80	2.40	0.00	0.00
85.20	35.00	30.00	26.10	23.10	39.80	2.40	0.00	0.00
85.30	34.70	30.00	25.80	23.10	39.80	2.40	0.00	0.00
85.40	34.70	30.00	25.80	23.10	39.50	2.30	0.00	0.00
85.50	34.70	30.00	25.80	23.10	39.30	2.10	0.00	0.00
85.60	34.90	30.00	26.10	23.10	39.30	2.10	0.00	0.00
85.70	34.90	30.00	26.10	23.10	39.30	2.60	0.00	0.00
85.80	34.90	30.00	26.10	23.10	39.30	2.60	0.00	0.00
85.90	34.80	30.10	25.90	23.10	39.50	1.90	0.00	0.00
86.00	34.80	30.10	25.90	23.10	39.50	1.90	0.00	0.00
86.10	34.80	29.90	26.00	22.90	39.20	2.40	0.00	0.00
86.20	34.80	29.90	26.00	22.90	39.90	2.40	0.00	0.00
86.30	34.80	29.90	26.00	22.90	39.90	2.40	0.00	0.00
86.40	34.80	30.00	26.00	23.00	39.50	2.30	0.00	0.00
86.50	34.80	30.00	26.00	23.00	39.50	2.30	0.00	0.00
86.60	34.80	30.00	26.00	23.00	39.60	2.60	0.00	0.00
86.70	34.70	30.00	26.00	23.00	39.50	2.30	0.00	0.00
86.80	34.70	30.00	26.00	23.00	39.50	2.30	0.00	0.00
86.90	34.70	30.00	26.00	23.00	39.80	2.10	0.00	0.00
87.00	34.90	30.10	26.00	23.00	39.80	2.10	0.00	0.00
87.10	34.90	30.10	26.00	23.00	39.80	2.10	0.00	0.00
87.20	35.00	30.10	26.10	23.20	39.80	2.40	0.00	0.00
87.30	35.00	30.10	26.10	23.20	39.80	2.40	0.00	0.00
87.40	35.00	30.10	26.10	23.20	39.50	2.70	0.00	0.00
87.50	34.80	30.00	26.00	23.10	39.50	2.70	0.00	0.00
87.60	34.80	30.00	26.00	23.10	39.50	2.90	0.00	0.00
87.70	34.90	30.10	26.00	23.00	39.60	1.60	0.00	0.00
87.80	34.90	30.10	26.00	23.00	39.60	1.60	0.00	0.00
87.90	34.90	30.10	26.00	23.00	39.90	2.30	0.00	0.00
88.00	34.80	30.00	26.10	23.00	39.90	2.30	0.00	0.00
88.10	34.80	30.00	26.10	23.00	39.20	2.60	0.00	0.00
88.20	34.80	30.00	26.10	23.00	39.30	2.40	0.00	0.00
88.30	34.90	30.10	26.10	23.00	39.30	2.40	0.00	0.00
88.40	34.90	30.10	26.10	23.00	39.00	2.40	0.00	0.00
88.50	34.80	30.00	26.00	23.00	39.00	2.40	0.00	0.00
88.60	34.80	30.00	26.00	23.00	39.30	2.40	0.00	0.00
88.70	34.80	30.00	26.00	23.00	39.60	2.10	0.00	0.00
88.80	34.70	30.00	26.00	23.00	39.60	2.10	0.00	0.00
88.90	34.70	30.00	26.00	23.00	39.60	2.10	0.00	0.00
89.00	34.80	30.00	26.00	23.00	39.60	2.10	0.00	0.00
89.10	34.80	30.00	26.00	23.00	39.30	2.40	0.00	0.00
89.20	34.80	30.00	26.00	23.00	39.30	2.40	0.00	0.00
89.30	34.80	30.20	26.20	23.20	39.30	2.30	0.00	0.00
89.40	34.80	30.20	26.20	23.20	39.30	2.30	0.00	0.00
89.50	34.80	30.10	26.20	23.00	39.50	1.90	0.00	0.00
89.60	34.80	30.10	26.20	23.00	39.60	1.90	0.00	0.00
89.70	34.80	30.10	26.20	23.00	39.60	1.90	0.00	0.00
89.80	34.70	30.00	26.00	23.00	39.60	2.90	0.00	0.00
89.90	34.70	30.00	26.00	23.00	39.50	2.40	0.00	0.00
90.00	34.70	30.00	26.00	23.00	39.50	2.40	0.00	0.00
90.10	34.80	30.10	26.10	23.00	39.80	2.40	0.00	0.00
90.20	34.80	30.10	26.10	23.00	39.00	2.60	0.00	0.00
90.30	34.80	30.10	26.10	23.00	39.00	2.60	0.00	0.00
90.40	34.80	30.10	26.10	23.10	39.60	2.60	0.00	0.00
90.50	34.80	30.10	26.10	23.10	39.60	2.60	0.00	0.00
90.60	34.80	30.10	26.10	23.10	39.80	2.10	0.00	0.00
90.70	34.70	30.00	26.00	23.10	39.80	2.10	0.00	0.00
90.80	34.70	30.00	26.00	23.10	39.80	2.10	0.00	0.00
90.90	34.80	30.00	26.10	23.10	39.20	2.10	0.00	0.00
91.00	34.80	30.00	26.10	23.10	39.20	2.10	0.00	0.00
91.10	34.80	30.00	26.10	23.10	39.60	2.40	0.00	0.00
91.20	34.70	30.10	26.00	23.00	39.60	2.40	0.00	0.00
91.30	34.70	30.10	26.00	23.00	39.50	2.30	0.00	0.00
91.40	34.70	30.00	26.10	23.00	39.50	1.90	0.00	0.00
91.50	34.70	30.00	26.10	23.00	39.50	1.90	0.00	0.00
91.60	34.70	30.00	26.10	23.00	39.30	2.60	0.00	0.00
91.70	34.80	29.90	26.00	23.00	39.60	2.10	0.00	0.00
91.80	34.80	29.90	26.00	23.00	39.60	2.10	0.00	0.00
91.90	34.80	29.90	26.00	23.00	39.30	2.40	0.00	0.00
92.00	34.70	29.90	26.10	23.00	39.30	2.40	0.00	0.00
92.10	34.70	29.90	26.10	23.00	39.50	3.20	0.00	0.00
92.20	34.70	30.00	26.00	23.00	39.30	2.10	0.00	0.00
92.30	34.70	30.00	26.00	23.00	39.30	2.10	0.00	0.00
92.40	34.70	30.00	26.00	23.00	39.50	2.40	0.00	0.00
92.50	34.60	29.90	25.90	22.90	39.50	2.40	0.00	0.00
92.60	34.60	29.90	25.90	22.90	39.50	2.40	0.00	0.00
92.70	34.70	29.90	26.00	23.00	39.60	2.30	0.00	0.00
92.80	34.70	29.90	26.00	23.00	39.60	2.30	0.00	0.00
92.90	34.70	29.90	26.00	23.00	39.50	2.30	0.00	0.00
93.00	34.50	29.90	26.10	23.00	39.20	2.40	0.00	0.00
93.10	34.50	29.90	26.10	23.00	39.20	2.40	0.00	0.00
93.20	34.50	29.90	26.10	23.00	39.50	2.40	0.00	0.00
93.30	34.80	30.00	26.10	23.20	39.20	2.10	0.00	0.00
93.40	34.80	30.00	26.10	23.20	39.20	2.10	0.00	0.00
93.50	34.80	30.00	26.10	23.20	38.70	2.30	0.00	0.00
93.60	34.60	30.10	26.10	23.10	39.50	2.30	0.00	0.00
93.70	34.60	30.10	26.10	23.10	39.50	2.30	0.00	0.00
93.80	34.70	30.00	26.00	23.10	39.60	2.60	0.00	0.00
93.90	34.70	30.00	26.00	23.10	39.60	2.60	0.00	0.00
94.00	34.70	30.00	26.00	23.10	39.50	2.70	0.00	0.00
94.10	34.50	29.90	26.00	23.00	39.30	2.10	0.00	0.00
94.20	34.50	29.90	26.00	23.00	39.30	2.10	0.00	0.00
94.30	34.50	29.90	26.00	23.00	39.30	2.10	0.00	0.00
94.40	34.70	30.00	26.10	23.00	39.30	2.10	0.00	0.00
94.50	34.70	30.00	26.10	23.00	39.30	2.10	0.00	0.00
94.60	34.70	30.00	26.10	23.00	39.80	2.10	0.00	0.00
94.70	34.50	30.00	26.00	23.00	39.50	2.40	0.00	0.00
94.80	34.50	30.00	26.00	23.00	39.50	2.40	0.00	0.00
94.90	34.60	30.00	26.00	23.10	38.90	2.60	0.00	0.00
95.00	34.60	30.00	26.00	23.10	38.90	2.60	0.00	0.00
95.10	34.60	30.00	26.00	23.10	39.30	2.70	0.00	0.00
95.20	34.70	30.00	26.10	23.00	39.30	2.70	0.00	0.00
95.30	34.70	30.00	26.10	23.00	39.60	2.70	0.00	0.00
95.40	34.70	30.00	26.10	23.00	39.60	2.70	0.00	0.00
95.50	34.50	29.90	26.00	22.90	39.30	2.70	0.00	0.00
95.60	34.50	29.90	26.00	22.90	39.80	2.60	0.00	0.00
95.70	34.50	29.90	26.00	22.90	39.80	2.60	0.00	0.00
95.80	34.50	30.00	26.10	23.00	39.60	1.90	0.00	0.00
95.90	34.50	30.00	26.10	23.00	39.20	2.40	0.00	0.00
96.00	34.50	30.00	26.10	23.00	39.20	2.40	0.00	0.00
96.10	34.80	30.10	26.10	23.20	39.20	2.40	0.00	0.00
96.20	34.80	30.10	26.10	23.20	39.20	2.40	0.00	0.00
96.30	34.50	30.00	26.10	22.90	39.30	2.70	0.00	0.00
96.40	34.50	30.00	26.10	22.90	39.50	2.40	0.00	0.00
96.50	34.50	30.00	26.10	22.90	39.50	2.40	0.00	0.00
96.60	34.60	30.00	26.10	23.00	39.60	2.60	0.00	0.00
96.70	34.60	30.00	26.10	23.00	39.60	2.60	0.00	0.00
96.80	34.60	30.00	26.10	23.00	39.00	2.10	0.00	0.00
96.90	34.60	29.90	25.90	23.10	39.30	2.60	0.00	0.00
97.00	34.60	29.90	25.90	23.10	39.30	2.60	0.00	0.00
97.10	34.50	30.00	26.00	23.10	39.30	2.60	0.00	0.00
97.20	34.50	30.00	26.00	23.10	39.30	2.60	0.00	0.00
97.30	34.50	30.00	26.00	23.10	39.50	2.60	0.00	0.00
97.40	34.40	29.90	25.90	23.00	39.50	2.10	0.00	0.00
97.50	34.40	29.90	25.90	23.00	39.50	2.10	0.00	0.00
97.60	34.60	30.10	26.10	23.10	39.60	2.10	0.00	0.00
97.70	34.60	30.10	26.10	23.10	39.60	2.10	0.00	0.00
97.80	34.60	30.10	26.10	23.10	39.80	2.30	0.00	0.00
97.90	34.50	29.90	25.90	23.00	39.80	2.30	0.00	0.00
98.00	34.50	29.90	25.90	23.00	39.80	2.30	0.00	0.00
98.10	34.50	29.90	25.90	23.00	39.30	2.70	0.00	0.00
98.20	34.50	29.90	26.10	23.00	39.30	2.70	0.00	0.00
98.30	34.50	29.90	26.10	23.00	39.60	2.40	0.00	0.00
98.40	34.50	30.00	26.10	23.00	39.30	2.30	0.00	0.00
98.50	34.50	30.00	26.10	23.00	39.30	2.30	0.00	0.00
98.60	34.50	30.00	26.10	23.00	39.50	2.30	0.00	0.00
98.70	34.70	30.00	26.10	23.20	39.50	2.30	0.00	0.00
98.80	34.70	30.00	26.10	23.20	39.60	2.40	0.00	0.00
98.90	34.50	30.00	26.10	23.00	39.60	2.70	0.00	0.00
99.00	34.50	30.00	26.10	23.00	39.60	2.70	0.00	0.00
99.10	34.50	30.00	26.10	23.00	39.50	2.40	0.00	0.00
99.20	34.50	29.90	26.10	23.10	39.30	2.10	0.00	0.00
99.30	34.50	29.90	26.10	23.10	39.30	2.10	0.00	0.00
99.40	34.50	29.90	26.10	23.10	39.30	2.40	0.00	0.00
99.50	34.50	29.90	26.10	23.10	39.30	2.40	0.00	0.00
99.60	34.50	29.90	26.10	23.10	39.00	2.30	0.00	0.00
99.70	34.50	29.90	26.10	23.10	39.00	2.30	0.00	0.00
99.80	34.40	30.10	26.20	23.00	39.00	2.30	0.00	0.00
99.90	34.40	30.10	26.20	23.00	39.50	2.40	0.00	0.00
100.00	34.40	30.10	26.20	23.00	39.50	2.40	0.00	0.00
100.10	34.50	30.00	26.10	23.00	39.20	2.30	0.00	0.00
100.20	34.50	30.00	26.10	23.00	39.20	2.30	0.00	0.00
100.30	34.50	30.00	26.10	23.00	39.50	2.10	0.00	0.00
100.40	34.50	30.00	26.00	22.90	39.50	2.10	0.00	0.00
100.50	34.50	30.00	26.00	22.90	39.20	2.40	0.00	0.00
100.60	34.50	30.00	26.00	22.90	39.80	2.40	0.00	0.00
100.70	34.40	29.90	26.00	23.10	39.80	2.40	0.00	0.00
100.80	34.40	29.90	26.00	23.10	39.50	2.10	0.00	0.00
100.90	34.50	30.00	26.00	23.00	39.30	2.30	0.00	0.00
101.00	34.50	30.00	26.00	23.00	39.30	2.30	0.00	0.00
101.10	34.40	29.90	26.00	23.00	39.20	2.40	0.00	0.00
101.20	34.40	29.90	26.00	23.00	39.20	2.40	0.00	0.00
101.30	34.40	29.90	26.00	23.00	39.60	2.30	0.00	0.00
101.40	34.60	29.90	26.20	23.00	39.30	2.40	0.00	0.00
101.50	34.60	29.90	26.20	23.00	39.30	2.40	0.00	0.00
101.60	34.60	29.90	26.20	23.00	39.30	2.40	0.00	0.00
101.70	34.50	30.10	26.10	23.10	39.30	2.40	0.00	0.00
101.80	34.50	30.10	26.10	23.10	39.50	2.30	0.00	0.00
101.90	34.40	29.90	26.00	23.00	39.30	2.10	0.00	0.00
102.00	34.40	29.90	26.00	23.00	39.30	2.10	0.00	0.00
