Ambient Temperature(C): 21.0
Ambient Pressure(in Hg): 29.51
Time(s)	T1(Deg C)	Wall Temp(Deg C)	Top Plate(Deg C)	Bottom Plate(Deg C)	P1(PSI)	P2(PSI)	Mass Flowrate(g/min)	Heater Energy (kJ)

0.00	20.70	20.10	20.90	20.50	0.10	1.50	0.00	0.00
0.10	20.70	20.10	20.90	20.50	0.10	1.50	0.00	0.00
0.20	20.70	20.20	21.00	20.40	0.10	1.50	0.00	0.00
0.30	20.70	20.20	21.00	20.40	0.60	1.60	0.00	0.00
0.40	20.70	20.20	21.00	20.40	0.30	1.30	0.00	0.00
0.50	20.70	20.30	21.10	20.60	0.30	1.30	0.00	0.00
0.60	20.70	20.30	21.10	20.60	0.30	1.30	0.00	0.00
0.70	20.60	20.10	20.90	20.40	0.70	1.60	0.00	0.00
0.80	20.60	20.10	20.90	20.40	0.70	1.60	0.00	0.00
0.90	20.60	20.10	20.90	20.40	0.30	1.60	0.00	0.00
1.00	20.70	20.10	21.10	20.60	0.60	1.50	0.00	0.00
1.10	20.70	20.10	21.10	20.60	0.10	1.20	0.00	0.00
1.20	20.60	20.10	21.00	20.20	0.10	1.20	0.00	0.00
1.30	20.60	20.10	21.00	20.20	0.40	-0.50	0.00	0.00
1.40	20.60	20.10	21.00	20.20	0.40	1.50	0.00	0.00
1.50	20.60	20.10	20.90	20.40	0.40	1.50	0.00	0.00
1.60	20.60	20.10	20.90	20.40	0.60	1.80	0.00	0.00
1.70	20.60	20.20	21.00	20.50	0.60	1.80	0.00	0.00
1.80	20.60	20.20	21.00	20.50	0.60	1.80	0.00	0.00
1.90	20.70	20.20	21.00	20.50	0.40	1.60	0.00	0.00
2.00	20.70	20.20	21.00	20.50	0.40	1.60	0.00	0.00
2.10	20.70	20.20	21.00	20.50	0.40	1.30	0.00	0.00
2.20	20.60	20.00	20.90	20.40	0.40	1.30	0.00	0.00
2.30	20.60	20.00	20.90	20.40	0.70	1.30	0.00	0.00
2.40	20.60	20.10	21.00	20.50	0.70	1.50	0.00	0.00
2.50	20.60	20.10	21.00	20.50	0.70	1.50	0.00	0.00
2.60	20.60	20.10	21.00	20.50	0.60	1.50	0.00	0.00
2.70	20.60	20.10	20.90	20.30	0.60	1.90	0.00	0.00
2.80	20.60	20.10	20.90	20.30	0.60	1.90	0.00	0.00
2.90	20.60	20.10	20.90	20.30	0.70	1.50	0.00	0.00
3.00	20.80	20.20	21.00	20.60	0.60	1.60	0.00	0.00
3.10	20.80	20.20	21.00	20.60	0.40	1.50	0.00	0.00
3.20	20.60	20.10	20.90	20.60	0.40	1.50	0.00	0.00
3.30	20.60	20.10	20.90	20.60	0.40	1.50	0.00	0.00
3.40	20.60	20.10	20.90	20.60	0.40	1.50	0.00	0.00
3.50	20.70	20.10	21.00	20.50	0.60	1.20	0.00	0.00
3.60	20.70	20.10	21.00	20.50	0.60	1.20	0.00	0.00
3.70	20.70	20.10	21.00	20.50	0.10	1.20	0.00	0.00
3.80	20.70	20.30	21.00	20.60	0.70	1.60	0.00	0.00
3.90	20.70	20.30	21.00	20.60	0.70	1.60	0.00	0.00
4.00	20.80	20.10	21.10	20.70	0.40	1.80	0.00	0.00
4.10	20.80	20.10	21.10	20.70	1.20	1.50	0.00	0.00
4.20	20.80	20.10	21.10	20.70	1.20	1.50	0.00	0.00
4.30	20.20	20.20	20.90	20.50	2.40	2.30	0.00	0.00
4.40	20.20	20.20	20.90	20.50	2.40	2.30	0.00	0.00
4.50	20.20	20.20	20.90	20.50	3.00	1.90	0.00	0.00
4.60	21.30	20.10	20.90	20.50	2.10	1.80	0.00	0.00
4.70	21.30	20.10	20.90	20.50	2.10	1.80	0.00	0.00
4.80	21.30	20.10	20.90	20.50	2.40	2.10	0.00	0.00
4.90	21.70	20.20	21.10	20.60	3.50	2.10	0.00	0.00
5.00	21.70	20.20	21.10	20.60	3.50	2.10	0.00	0.00
5.10	22.00	20.20	21.20	20.70	3.50	2.10	0.00	0.00
5.20	22.00	20.20	21.20	20.70	1.80	2.10	0.00	0.00
5.30	22.00	20.20	21.20	20.70	1.80	2.10	0.00	0.00
5.40	22.00	20.20	21.20	20.70	2.30	2.30	0.00	0.00
5.50	21.70	20.10	20.90	20.50	2.40	1.90	0.00	0.00
5.60	21.70	20.10	20.90	20.50	2.40	1.90	0.00	0.00
5.70	21.80	20.20	21.00	20.50	2.40	2.10	0.00	0.00
5.80	21.80	20.20	21.00	20.50	2.40	2.10	0.00	0.00
5.90	21.80	20.20	21.00	20.50	2.90	2.10	0.00	0.00
6.00	21.60	20.20	20.90	20.50	2.40	1.50	0.00	0.00
6.10	21.60	20.20	20.90	20.50	2.40	1.50	0.00	0.00
6.20	21.60	20.20	20.90	20.50	2.10	1.60	0.00	0.00
6.30	21.40	20.20	21.00	20.50	2.10	1.60	0.00	0.00
6.40	21.40	20.20	21.00	20.50	2.30	1.50	0.00	0.00
6.50	21.40	20.20	21.00	20.50	2.40	1.60	0.00	0.00
6.60	21.30	20.20	21.00	20.40	2.40	1.60	0.00	0.00
6.70	21.30	20.20	21.00	20.40	2.30	-0.10	0.00	0.00
6.80	21.40	20.20	21.10	20.60	2.30	-0.10	0.00	0.00
6.90	21.40	20.20	21.10	20.60	2.30	-0.10	0.00	0.00
7.00	21.40	20.20	21.10	20.60	2.60	2.10	0.00	0.00
7.10	21.20	20.10	20.90	20.40	2.40	2.10	0.00	0.00
7.20	21.20	20.10	20.90	20.40	2.40	2.10	0.00	0.00
7.30	21.30	20.20	21.10	20.60	2.40	1.90	0.00	0.00
7.40	21.30	20.20	21.10	20.60	2.60	2.90	0.00	0.00
7.50	21.30	20.20	21.10	20.60	2.60	2.90	0.00	0.00
7.60	21.30	20.10	21.10	20.60	2.30	2.60	0.00	0.00
7.70	21.30	20.10	21.10	20.60	2.30	2.60	0.00	0.00
7.80	21.30	20.10	21.10	20.60	2.10	2.60	0.00	0.00
7.90	21.00	20.10	21.00	20.50	2.40	2.30	0.00	0.00
8.00	21.00	20.10	21.00	20.50	2.40	2.30	0.00	0.00
8.10	21.10	20.20	21.00	20.60	2.40	1.60	0.00	0.00
8.20	21.10	20.20	21.00	20.60	1.90	1.90	0.00	0.00
8.30	21.10	20.20	21.00	20.60	1.90	1.90	0.00	0.00
8.40	21.10	20.10	21.00	20.60	2.10	1.80	0.00	0.00
8.50	21.10	20.10	21.00	20.60	2.10	1.80	0.00	0.00
8.60	21.10	20.10	21.00	20.60	2.10	1.80	0.00	0.00
8.70	21.00	20.30	21.00	20.60	2.10	1.90	0.00	0.00
8.80	21.00	20.30	21.00	20.60	2.10	1.90	0.00	0.00
8.90	21.00	20.30	21.00	20.60	2.30	2.10	0.00	0.00
9.00	21.00	20.20	21.10	20.60	2.30	2.10	0.00	0.00
9.10	21.00	20.20	21.10	20.60	2.60	1.80	0.00	0.00
9.20	21.00	20.20	21.10	20.60	2.60	1.80	0.00	0.00
9.30	21.00	20.30	21.00	20.50	2.30	2.10	0.00	0.00
9.40	21.00	20.30	21.00	20.50	1.90	1.80	0.00	0.00
9.50	21.00	20.30	21.00	20.50	1.90	1.80	0.00	0.00
9.60	20.90	20.20	21.00	20.60	2.10	1.80	0.00	0.00
9.70	20.90	20.20	21.00	20.60	2.10	1.80	0.00	0.00
9.80	21.00	20.20	21.10	20.70	2.30	2.10	0.00	0.00
9.90	21.00	20.20	21.10	20.70	2.30	2.10	0.00	0.00
10.00	21.00	20.20	21.10	20.60	1.90	1.80	0.00	0.00
10.10	21.00	20.20	21.10	20.60	1.90	1.80	0.00	0.00
10.20	21.00	20.20	21.10	20.60	1.90	1.80	0.00	0.00
10.30	20.70	20.00	20.80	20.40	1.90	1.80	0.00	0.00
10.40	20.70	20.00	20.80	20.40	1.90	1.80	0.00	0.00
10.50	21.00	20.20	20.90	20.60	1.90	1.90	0.00	0.00
10.60	21.00	20.20	20.90	20.60	2.10	2.70	0.00	0.00
10.70	21.00	20.10	20.90	20.50	2.10	2.70	0.00	0.00
10.80	21.00	20.10	20.90	20.50	1.80	1.90	0.00	0.00
10.90	21.00	20.10	20.90	20.50	2.30	1.90	0.00	0.00
11.00	20.90	20.30	21.10	20.50	2.30	1.90	0.00	0.00
11.10	20.90	20.30	21.10	20.50	2.10	1.90	0.00	0.00
11.20	20.90	20.10	21.00	20.40	2.30	1.60	0.00	0.00
11.30	20.90	20.10	21.00	20.40	2.30	1.60	0.00	0.00
11.40	20.90	20.10	21.00	20.40	2.30	1.80	0.00	0.00
11.50	20.90	20.00	20.90	20.40	1.90	1.60	0.00	0.00
11.60	20.90	20.00	20.90	20.40	1.90	1.60	0.00	0.00
11.70	21.10	20.20	21.00	20.60	1.90	1.80	0.00	0.00
11.80	21.10	20.20	21.00	20.60	1.90	1.80	0.00	0.00
11.90	20.90	20.10	21.10	20.60	1.90	1.80	0.00	0.00
12.00	20.90	20.10	21.10	20.60	2.30	2.40	0.00	0.00
12.10	20.90	20.10	21.10	20.60	2.10	1.60	0.00	0.00
12.20	20.80	20.20	21.00	20.50	2.10	1.60	0.00	0.00
12.30	20.80	20.20	21.00	20.50	2.40	1.80	0.00	0.00
12.40	21.00	20.10	21.00	20.50	2.40	1.80	0.00	0.00
12.50	21.00	20.10	21.00	20.50	2.10	2.10	0.00	0.00
12.60	21.00	20.10	21.00	20.50	2.70	1.90	0.00	0.00
12.70	20.90	20.20	21.10	20.40	2.70	1.90	0.00	0.00
12.80	20.90	20.20	21.10	20.40	2.60	1.60	0.00	0.00
12.90	21.00	20.20	21.00	20.60	2.40	2.10	0.00	0.00
13.00	21.00	20.20	21.00	20.60	2.40	2.10	0.00	0.00
13.10	21.00	20.20	21.00	20.60	2.10	2.10	0.00	0.00
13.20	20.80	20.10	21.00	20.50	2.10	1.80	0.00	0.00
13.30	20.80	20.10	21.00	20.50	2.10	1.80	0.00	0.00
13.40	20.80	20.10	21.00	20.50	1.90	1.80	0.00	0.00
13.50	20.80	20.10	20.90	20.40	1.90	1.80	0.00	0.00
13.60	20.80	20.10	20.90	20.40	1.90	1.80	0.00	0.00
13.70	21.00	20.20	21.00	20.50	2.30	1.90	0.00	0.00
13.80	21.00	20.20	21.00	20.50	2.30	1.90	0.00	0.00
13.90	21.00	20.20	21.00	20.50	1.90	1.90	0.00	0.00
14.00	21.00	20.20	21.00	20.60	2.10	1.30	0.00	0.00
14.10	21.00	20.20	21.00	20.60	2.10	1.30	0.00	0.00
14.20	20.90	20.30	21.00	20.50	2.40	1.80	0.00	0.00
14.30	20.90	20.30	21.00	20.50	2.40	1.80	0.00	0.00
14.40	20.90	20.30	21.00	20.50	2.40	1.80	0.00	0.00
14.50	20.80	20.00	20.90	20.50	2.10	1.80	0.00	0.00
14.60	20.80	20.00	20.90	20.50	2.10	1.80	0.00	0.00
14.70	20.80	20.00	20.90	20.50	2.10	1.80	0.00	0.00
14.80	20.90	20.30	20.90	20.60	2.10	1.60	0.00	0.00
14.90	20.90	20.30	20.90	20.60	2.10	1.60	0.00	0.00
15.00	20.90	20.10	21.00	20.40	2.40	2.30	0.00	0.00
15.10	20.90	20.10	21.00	20.40	2.40	2.30	0.00	0.00
15.20	20.90	20.10	20.90	20.50	2.40	2.40	0.00	0.00
15.30	20.90	20.10	20.90	20.50	2.40	2.40	0.00	0.00
15.40	20.90	20.10	20.90	20.50	2.40	2.40	0.00	0.00
15.50	20.90	20.10	21.00	20.50	1.90	1.90	0.00	0.00
15.60	20.90	20.10	21.00	20.50	1.90	1.90	0.00	0.00
15.70	20.90	20.10	21.00	20.50	2.10	1.50	0.00	0.00
15.80	20.90	20.30	21.00	20.60	2.30	1.90	0.00	0.00
15.90	20.90	20.30	21.00	20.60	2.30	1.90	0.00	0.00
16.00	20.90	20.10	21.00	20.60	2.30	2.10	0.00	0.00
16.10	20.90	20.10	21.00	20.60	2.40	1.90	0.00	0.00
16.20	20.90	20.10	21.00	20.60	2.40	1.90	0.00	0.00
16.30	20.80	20.20	21.00	20.40	1.90	2.30	0.00	0.00
16.40	20.80	20.20	21.00	20.40	1.90	2.30	0.00	0.00
16.50	20.80	20.20	21.00	20.40	2.10	1.90	0.00	0.00
16.60	21.00	20.10	21.00	20.60	2.10	1.80	0.00	0.00
16.70	21.00	20.10	21.00	20.60	2.10	1.80	0.00	0.00
16.80	21.00	20.10	21.00	20.60	2.30	2.10	0.00	0.00
16.90	20.80	20.10	21.00	20.50	2.30	2.30	0.00	0.00
17.00	20.80	20.10	21.00	20.50	2.30	2.30	0.00	0.00
17.10	20.90	20.30	21.00	20.60	2.30	2.30	0.00	0.00
17.20	20.90	20.30	21.00	20.60	2.30	2.30	0.00	0.00
17.30	20.90	20.30	21.00	20.60	2.30	1.60	0.00	0.00
17.40	20.90	20.20	21.00	20.50	2.30	1.60	0.00	0.00
17.50	20.90	20.20	21.00	20.50	2.60	1.90	0.00	0.00
17.60	21.20	20.20	21.10	20.60	2.30	1.80	0.00	0.00
17.70	21.20	20.20	21.10	20.60	2.30	1.80	0.00	0.00
17.80	21.20	20.20	21.10	20.60	1.90	2.10	0.00	0.00
17.90	21.00	20.20	21.10	20.50	2.30	1.50	0.00	0.00
18.00	21.00	20.20	21.10	20.50	2.30	1.50	0.00	0.00
18.10	21.00	20.20	21.10	20.50	1.80	1.60	0.00	0.00
18.20	20.90	20.20	20.90	20.50	1.80	1.60	0.00	0.00
18.30	20.90	20.20	20.90	20.50	1.90	1.90	0.00	0.00
18.40	20.90	20.20	20.90	20.50	2.10	1.90	0.00	0.00
18.50	20.90	20.10	21.10	20.50	2.40	2.40	0.00	0.00
18.60	20.90	20.10	21.10	20.50	2.40	2.40	0.00	0.00
18.70	20.80	20.20	21.00	20.50	2.60	1.80	0.00	0.00
18.80	20.80	20.20	21.00	20.50	2.60	1.80	0.00	0.00
18.90	20.80	20.20	21.00	20.50	2.60	1.80	0.00	0.00
19.00	21.00	20.20	21.00	20.50	2.40	1.80	0.00	0.00
19.10	21.00	20.20	21.00	20.50	2.40	1.80	0.00	0.00
19.20	21.00	20.20	21.00	20.50	2.10	2.10	0.00	0.00
19.30	21.00	20.20	21.10	20.60	2.10	2.10	0.00	0.00
19.40	21.00	20.20	21.10	20.60	2.40	2.10	0.00	0.00
19.50	20.90	20.10	21.00	20.60	2.60	1.60	0.00	0.00
19.60	20.90	20.10	21.00	20.60	2.60	1.60	0.00	0.00
19.70	20.80	20.20	21.00	20.60	2.30	2.30	0.00	0.00
19.80	20.80	20.20	21.00	20.60	2.30	2.30	0.00	0.00
19.90	20.80	20.20	21.00	20.60	2.30	1.60	0.00	0.00
20.00	20.90	20.20	21.00	20.60	2.10	1.90	0.00	0.00
20.10	20.90	20.20	21.00	20.60	2.10	1.90	0.00	0.00
20.20	20.90	20.20	21.00	20.60	2.40	1.80	0.00	0.00
20.30	20.90	20.20	21.10	20.40	2.40	1.80	0.00	0.00
20.40	20.90	20.20	21.10	20.40	2.30	1.50	0.00	0.00
20.50	20.90	20.20	21.10	20.40	2.10	1.90	0.00	0.00
20.60	21.00	20.30	21.00	20.60	2.10	1.90	0.00	0.00
20.70	21.00	20.30	21.00	20.60	2.10	1.90	0.00	0.00
20.80	21.10	20.30	21.00	20.50	2.10	1.90	0.00	0.00
20.90	21.10	20.30	21.00	20.50	2.30	1.90	0.00	0.00
21.00	21.00	20.20	21.10	20.50	2.30	2.30	0.00	0.00
21.10	21.00	20.20	21.10	20.50	2.30	2.30	0.00	0.00
21.20	21.00	20.20	21.10	20.50	2.60	1.60	0.00	0.00
21.30	20.90	20.20	21.00	20.50	2.60	1.60	0.00	0.00
21.40	20.90	20.20	21.00	20.50	2.30	1.90	0.00	0.00
21.50	20.90	20.20	21.00	20.50	2.30	1.80	0.00	0.00
21.60	21.00	20.20	21.10	20.60	2.30	1.80	0.00	0.00
21.70	21.00	20.20	21.10	20.60	2.30	1.80	27.07	0.00
21.80	20.80	20.10	20.90	20.40	2.30	2.10	41.84	0.00
21.90	20.80	20.10	20.90	20.40	2.30	2.10	21.96	0.00
22.00	20.80	20.10	20.90	20.40	3.00	1.80	54.81	0.00
22.10	21.30	20.20	21.10	20.40	3.00	1.50	18.59	0.00
22.20	21.30	20.20	21.10	20.40	3.00	1.50	50.32	0.00
22.30	21.30	20.20	21.10	20.40	2.70	1.90	17.98	0.00
22.40	21.40	20.10	20.80	20.40	2.70	1.90	37.85	0.00
22.50	21.40	20.10	20.80	20.40	2.70	1.90	13.56	0.00
22.60	21.80	20.20	20.90	20.50	3.20	2.10	56.83	0.00
22.70	21.80	20.20	20.90	20.50	3.20	2.10	33.18	0.00
22.80	21.80	20.10	20.90	20.50	3.50	2.10	33.83	0.00
22.90	21.80	20.10	20.90	20.50	3.50	2.10	26.46	0.00
23.00	21.80	20.10	20.90	20.50	4.10	1.60	7.68	0.00
23.10	22.10	20.10	21.00	20.50	3.90	1.80	36.83	0.00
23.20	22.10	20.10	21.00	20.50	3.90	1.80	44.64	0.00
23.30	22.10	20.10	21.00	20.50	3.90	1.80	27.21	0.00
23.40	22.20	20.10	21.00	20.40	3.90	1.50	53.34	0.00
23.50	22.20	20.10	21.00	20.40	4.60	2.30	24.99	0.00
23.60	22.20	20.10	21.00	20.40	4.60	2.30	23.28	0.00
23.70	22.50	20.20	21.10	20.50	4.10	1.50	45.35	0.00
23.80	22.50	20.20	21.10	20.50	4.10	1.50	27.28	0.00
23.90	22.50	20.20	21.10	20.50	4.70	1.80	44.42	0.00
24.00	22.50	20.20	21.00	20.50	5.20	1.80	19.22	0.00
24.10	22.50	20.20	21.00	20.50	5.20	1.80	37.71	0.00
24.20	22.50	20.20	21.00	20.50	4.70	-0.10	43.88	0.00
24.30	22.80	20.30	21.00	20.50	4.70	-0.10	28.50	0.00
24.40	22.80	20.30	21.00	20.50	4.70	-0.10	9.20	0.00
24.50	22.80	20.30	21.00	20.50	5.20	2.10	48.65	0.00
24.60	22.90	20.30	21.00	20.60	5.20	2.10	30.49	0.00
24.70	22.90	20.30	21.00	20.60	5.00	1.80	33.76	0.00
24.80	23.10	20.30	21.00	20.50	5.00	1.80	50.44	0.00
24.90	23.10	20.30	21.00	20.50	5.50	2.10	18.26	0.00
25.00	23.10	20.30	21.00	20.70	5.00	1.90	43.17	0.00
25.10	23.10	20.30	21.00	20.70	5.00	1.90	19.06	0.00
25.20	23.10	20.30	21.00	20.70	5.80	1.50	47.73	0.00
25.30	23.00	20.10	20.90	20.30	5.80	1.50	36.99	0.00
25.40	23.00	20.10	20.90	20.30	5.60	1.80	25.09	0.00
25.50	23.00	20.10	20.90	20.30	5.90	1.60	35.03	0.00
25.60	23.10	20.10	20.80	20.50	5.90	1.60	33.09	0.00
25.70	23.10	20.10	20.80	20.50	6.10	1.60	28.24	0.00
25.80	23.30	20.10	21.00	20.60	6.40	1.90	41.35	0.00
25.90	23.30	20.10	21.00	20.60	6.40	1.90	22.78	0.00
26.00	23.30	20.10	21.00	20.60	6.90	2.10	33.15	0.00
26.10	23.40	20.10	20.80	20.40	6.90	2.10	16.39	0.00
26.20	23.40	20.10	20.80	20.40	6.90	2.10	34.90	0.00
26.30	23.40	20.10	20.80	20.40	6.90	2.10	50.51	0.00
26.40	23.60	20.20	21.10	20.60	6.70	2.30	49.53	0.00
26.50	23.60	20.20	21.10	20.60	6.90	1.60	12.72	0.00
26.60	23.60	20.20	21.10	20.60	7.20	1.80	25.55	0.00
26.70	23.50	20.20	20.90	20.40	7.20	1.80	12.18	0.00
26.80	23.50	20.20	20.90	20.40	7.00	1.90	32.25	0.00
26.90	23.60	20.20	21.00	20.50	6.90	1.90	23.55	0.00
27.00	23.60	20.20	21.00	20.50	6.90	1.90	15.89	0.00
27.10	23.70	20.20	21.00	20.60	7.50	1.60	32.82	0.00
27.20	23.70	20.20	21.00	20.60	7.50	1.60	9.26	0.00
27.30	23.70	20.20	21.00	20.60	7.80	1.60	37.71	0.00
27.40	23.50	20.20	21.00	20.50	7.80	1.60	54.43	0.00
27.50	23.50	20.20	21.00	20.50	7.80	1.80	54.58	0.00
27.60	23.80	20.30	21.10	20.50	8.10	2.10	25.76	0.00
27.70	23.80	20.30	21.10	20.50	8.10	2.10	10.55	0.00
27.80	23.80	20.30	21.10	20.50	8.30	1.60	12.93	0.00
27.90	23.70	20.10	20.90	20.50	8.30	1.60	26.66	0.00
28.00	23.70	20.10	20.90	20.50	8.30	1.60	34.74	0.00
28.10	23.70	20.20	21.00	20.50	8.70	1.60	60.21	0.00
28.20	23.70	20.20	21.00	20.50	8.70	1.60	45.66	0.00
28.30	23.70	20.20	21.00	20.50	8.90	2.10	24.39	0.00
28.40	23.70	20.20	21.10	20.50	8.40	2.10	34.00	0.00
28.50	23.70	20.20	21.10	20.50	8.40	2.10	29.61	0.00
28.60	23.90	20.20	21.00	20.50	8.60	1.60	20.23	0.00
28.70	23.90	20.20	21.00	20.50	9.30	1.60	25.99	0.00
28.80	23.90	20.20	21.00	20.50	9.30	1.60	43.61	0.00
28.90	23.90	20.20	20.90	20.50	8.90	1.60	49.37	0.00
29.00	23.90	20.20	20.90	20.50	9.20	1.90	61.65	0.00
29.10	24.00	20.20	21.10	20.60	9.50	0.90	24.79	0.00
29.20	24.00	20.20	21.10	20.60	9.50	0.90	18.14	0.00
29.30	24.00	20.20	21.10	20.60	9.50	0.90	24.05	0.00
29.40	24.10	20.20	21.00	20.60	9.60	1.80	29.94	0.00
29.50	24.10	20.20	21.00	20.60	9.50	1.30	53.23	0.00
29.60	24.10	20.20	21.00	20.60	9.50	1.30	8.34	0.00
29.70	24.00	20.10	21.00	20.50	9.50	1.30	21.94	0.00
29.80	24.00	20.10	21.00	20.50	10.30	1.80	30.70	0.00
29.90	24.00	20.10	21.00	20.50	10.30	1.80	31.84	0.00
30.00	24.00	20.20	21.00	20.50	10.30	1.90	48.52	0.00
30.10	24.00	20.20	21.00	20.50	10.60	1.80	25.55	0.00
30.20	24.00	20.20	21.00	20.50	10.60	1.80	25.57	0.00
30.30	24.00	20.30	21.00	20.60	9.90	2.10	19.55	0.00
30.40	24.00	20.30	21.00	20.60	9.90	2.10	29.75	0.00
30.50	24.00	20.30	21.00	20.60	10.30	1.90	30.61	0.00
30.60	24.00	20.30	21.00	20.50	10.90	1.80	31.32	0.00
30.70	24.00	20.30	21.00	20.50	10.90	1.80	45.52	0.00
30.80	24.30	20.20	21.00	20.60	10.70	2.10	10.30	0.00
30.90	24.30	20.20	21.00	20.60	10.70	2.10	22.35	0.00
31.00	24.30	20.20	21.00	20.60	10.70	1.90	30.54	0.00
31.10	24.10	20.20	20.90	20.50	10.70	1.60	19.24	0.00
31.20	24.10	20.20	20.90	20.50	10.70	1.60	40.61	0.00
31.30	24.10	20.20	20.90	20.50	11.00	1.90	47.49	0.00
31.40	24.00	20.10	21.00	20.50	11.00	1.90	17.44	0.00
31.50	24.00	20.10	21.00	20.50	11.00	1.90	29.35	0.00
31.60	24.20	20.20	20.90	20.50	11.50	1.90	33.14	0.00
31.70	24.20	20.20	20.90	20.50	11.50	1.90	32.95	0.00
31.80	24.20	20.20	21.00	20.60	11.50	1.90	26.23	0.00
31.90	24.20	20.20	21.00	20.60	11.50	1.90	15.95	0.00
32.00	24.20	20.20	21.00	20.60	11.80	2.30	28.76	0.00
32.10	24.10	20.20	21.00	20.60	11.80	1.60	51.14	0.00
32.20	24.10	20.20	21.00	20.60	11.80	1.60	60.03	0.00
32.30	24.10	20.20	21.00	20.60	12.60	1.80	32.06	0.00
32.40	24.10	20.20	21.00	20.60	12.60	1.80	34.73	0.00
32.50	24.40	20.30	21.10	20.70	12.90	1.90	15.16	0.00
32.60	24.40	20.30	21.10	20.70	12.30	1.50	30.36	0.00
32.70	24.30	20.20	21.00	20.50	12.30	1.50	43.23	0.00
32.80	24.30	20.20	21.00	20.50	12.40	2.10	51.20	0.00
32.90	24.30	20.20	21.10	20.50	13.30	1.80	43.93	0.00
33.00	24.30	20.20	21.10	20.50	13.30	1.80	53.85	0.00
33.10	24.20	20.10	20.90	20.40	12.70	1.90	9.03	0.00
33.20	24.20	20.10	20.90	20.40	12.70	1.90	24.56	0.00
33.30	24.20	20.10	20.90	20.40	12.70	1.90	23.32	0.00
33.40	24.30	20.20	21.00	20.50	12.70	1.90	31.80	0.00
33.50	24.30	20.20	21.00	20.50	13.00	1.80	48.13	0.00
33.60	24.30	20.20	21.00	20.50	13.20	1.90	52.84	0.00
33.70	24.10	20.10	21.00	20.50	13.20	1.90	33.91	0.00
33.80	24.10	20.10	21.00	20.50	13.50	1.90	12.14	0.00
33.90	24.50	20.30	21.00	20.60	13.90	2.30	53.90	0.00
34.00	24.50	20.30	21.00	20.60	13.90	2.30	27.87	0.00
34.10	24.40	20.20	21.00	20.70	14.10	1.90	21.05	0.00
34.20	24.40	20.20	21.00	20.70	14.10	1.90	26.49	0.00
34.30	24.40	20.20	21.00	20.70	13.80	2.10	34.79	0.00
34.40	24.50	20.10	21.00	20.40	14.10	1.90	50.94	0.00
34.50	24.50	20.10	21.00	20.40	14.10	1.90	28.53	0.00
34.60	24.50	20.10	21.00	20.40	14.10	2.10	16.55	0.00
34.70	24.50	20.20	21.10	20.60	14.40	2.60	48.30	0.00
34.80	24.50	20.20	21.10	20.60	14.40	2.60	18.57	0.00
34.90	24.40	20.20	20.90	20.40	14.70	1.90	12.83	0.00
35.00	24.40	20.20	20.90	20.40	14.70	1.90	21.24	0.00
35.10	24.40	20.20	20.90	20.40	14.70	1.90	25.89	0.00
35.20	24.40	20.20	20.90	20.50	14.70	1.90	31.51	0.00
35.30	24.40	20.20	20.90	20.50	14.90	2.10	46.59	0.00
35.40	24.40	20.20	20.90	20.50	14.90	2.10	15.19	0.00
35.50	24.50	20.20	20.90	20.50	14.90	1.60	24.83	0.00
35.60	24.50	20.20	20.90	20.50	14.90	1.60	30.58	0.00
35.70	24.50	20.20	20.90	20.50	15.50	1.90	32.81	0.00
35.80	24.60	20.10	21.00	20.50	15.90	2.10	3.63	0.00
35.90	24.60	20.10	21.00	20.50	15.90	2.10	39.50	0.00
36.00	24.60	20.10	21.00	20.50	15.80	1.60	46.71	0.00
36.10	24.60	20.20	21.10	20.60	15.80	2.10	26.40	0.00
36.20	24.60	20.20	21.10	20.60	15.80	2.10	39.88	0.00
36.30	24.60	20.20	21.10	20.60	15.80	1.80	50.58	0.00
36.40	24.50	20.20	21.10	20.60	15.80	1.80	55.42	0.00
36.50	24.50	20.20	21.10	20.60	15.80	2.40	40.90	0.00
36.60	24.50	20.20	21.00	20.50	15.80	1.80	24.24	0.00
36.70	24.50	20.20	21.00	20.50	15.80	1.80	42.84	0.00
36.80	24.50	20.20	21.00	20.50	16.10	1.60	29.71	0.00
36.90	24.50	20.10	21.10	20.50	16.10	1.60	9.01	0.00
37.00	24.50	20.10	21.10	20.50	16.10	1.60	14.31	0.00
37.10	24.60	20.20	20.90	20.40	15.90	1.80	45.76	0.00
37.20	24.60	20.20	20.90	20.40	15.90	1.80	53.02	0.00
37.30	24.60	20.20	20.90	20.40	16.60	1.20	39.72	0.00
37.40	24.40	20.20	21.10	20.50	16.60	1.20	47.24	0.00
37.50	24.40	20.20	21.10	20.50	16.30	1.90	4.75	0.00
37.60	24.50	20.30	21.00	20.50	16.70	1.60	33.63	0.00
37.70	24.50	20.30	21.00	20.50	16.70	1.60	47.47	0.00
37.80	24.50	20.30	21.00	20.50	17.60	1.90	56.84	0.00
37.90	24.50	20.20	21.00	20.40	16.90	1.90	16.84	0.00
38.00	24.50	20.20	21.00	20.40	16.90	1.90	21.06	0.00
38.10	24.50	20.20	21.00	20.40	17.00	2.10	31.61	0.00
38.20	24.60	20.20	21.00	20.50	17.00	2.10	25.62	0.00
38.30	24.60	20.20	21.00	20.50	17.60	2.10	44.07	0.00
38.40	24.60	20.20	21.00	20.50	17.50	1.80	29.08	0.00
38.50	24.60	20.20	21.10	20.50	17.50	1.80	15.97	0.00
38.60	24.60	20.20	21.10	20.50	17.90	1.50	12.87	0.00
38.70	24.60	20.20	21.10	20.50	17.90	1.50	32.48	0.00
38.80	24.60	20.40	21.10	20.50	17.90	1.50	8.71	0.00
38.90	24.60	20.40	21.10	20.50	17.60	1.90	40.60	0.00
39.00	24.50	20.10	20.90	20.50	17.60	1.90	10.54	0.00
39.10	24.50	20.10	20.90	20.50	18.10	1.80	39.96	0.00
39.20	24.50	20.10	21.00	20.50	18.10	1.50	15.18	0.00
39.30	24.50	20.10	21.00	20.50	18.10	1.50	21.80	0.00
39.40	24.50	20.10	21.00	20.50	18.40	1.80	27.72	0.00
39.50	24.50	20.20	21.00	20.60	18.40	1.80	57.48	0.00
39.60	24.50	20.20	21.00	20.60	18.40	1.90	44.19	0.00
39.70	24.50	20.20	21.00	20.60	18.90	1.90	22.01	0.00
39.80	24.60	20.10	21.00	20.50	18.90	1.90	36.18	0.00
39.90	24.60	20.10	21.00	20.50	19.00	1.60	36.22	0.00
40.00	24.60	20.20	21.00	20.50	19.00	2.30	17.38	0.00
40.10	24.60	20.20	21.00	20.50	19.00	2.30	41.76	0.00
40.20	24.60	20.20	21.00	20.50	19.00	1.90	51.26	0.00
40.30	24.60	20.20	21.00	20.50	19.00	1.90	4.88	0.00
40.40	24.50	20.10	21.00	20.40	19.30	1.50	20.44	0.00
40.50	24.50	20.10	21.00	20.40	19.30	1.50	20.45	0.00
40.60	24.50	20.20	20.80	20.40	19.30	1.50	37.92	0.00
40.70	24.50	20.20	20.80	20.40	19.30	1.80	52.77	0.00
40.80	24.50	20.20	20.80	20.40	19.30	2.30	18.00	0.00
40.90	24.60	20.10	20.90	20.50	19.30	2.30	2.62	0.00
41.00	24.60	20.10	20.90	20.50	19.60	1.20	20.83	0.00
41.10	24.60	20.10	20.90	20.50	19.80	2.30	39.59	0.00
41.20	24.60	20.10	21.00	20.40	19.80	2.30	32.16	0.00
41.30	24.60	20.10	21.00	20.40	19.60	2.30	23.42	0.00
41.40	24.60	20.20	21.00	20.50	19.80	2.60	25.01	0.00
41.50	24.60	20.20	21.00	20.50	19.80	2.60	25.81	0.00
41.60	24.60	20.20	21.00	20.50	20.30	1.60	9.59	0.00
41.70	24.70	20.20	21.00	20.50	20.10	1.90	17.18	0.00
41.80	24.70	20.20	21.00	20.50	20.10	1.90	16.77	0.00
41.90	24.60	20.10	21.00	20.50	18.70	2.10	22.19	0.00
42.00	24.60	20.10	21.00	20.50	18.70	2.10	31.23	0.00
42.10	24.60	20.10	21.00	20.50	21.00	1.80	51.75	0.00
42.20	24.70	20.20	21.10	20.60	21.00	1.80	19.09	0.00
42.30	24.70	20.20	21.10	20.60	21.00	1.80	23.31	0.00
42.40	24.70	20.20	21.10	20.60	21.00	1.80	42.19	0.00
42.50	24.70	20.10	21.00	20.60	20.60	1.80	57.90	0.00
42.60	24.70	20.10	21.00	20.60	20.90	1.90	47.94	0.00
42.70	24.70	20.10	21.00	20.60	20.90	1.90	43.20	0.00
42.80	24.80	20.30	21.10	20.70	21.60	2.40	11.60	0.00
42.90	24.80	20.30	21.10	20.70	21.30	1.80	15.64	0.00
43.00	24.70	20.10	20.90	20.50	21.30	1.80	42.47	0.00
43.10	24.70	20.10	20.90	20.50	21.50	2.10	15.68	0.00
43.20	24.70	20.20	21.00	20.60	21.30	2.10	7.32	0.00
43.30	24.70	20.20	21.00	20.60	21.30	2.10	18.87	0.00
43.40	24.70	20.20	21.00	20.60	21.90	1.60	20.91	0.00
43.50	24.70	20.20	21.00	20.50	21.90	1.60	8.73	0.00
43.60	24.70	20.20	21.00	20.50	21.60	1.50	35.02	0.00
43.70	24.70	20.10	20.90	20.60	21.80	1.80	24.37	0.00
43.80	24.70	20.10	20.90	20.60	21.80	1.80	32.34	0.00
43.90	24.70	20.10	20.90	20.60	21.90	2.10	46.59	0.00
44.00	24.70	20.20	21.00	20.50	21.90	2.10	28.68	0.00
44.10	24.70	20.20	21.00	20.50	21.90	2.10	45.97	0.00
44.20	24.50	20.10	21.00	20.40	22.10	2.40	56.26	0.00
44.30	24.50	20.10	21.00	20.40	22.10	2.40	22.63	0.00
44.40	24.50	20.10	21.00	20.40	22.70	1.90	32.35	0.00
44.50	24.60	20.10	20.90	20.50	22.70	1.90	34.68	0.00
44.60	24.60	20.10	20.90	20.50	22.40	1.90	4.23	0.00
44.70	24.70	20.20	21.10	20.40	22.40	1.90	19.62	0.00
44.80	24.70	20.20	21.10	20.40	22.40	1.90	40.95	0.00
44.90	24.50	20.10	20.90	20.40	22.70	2.10	4.08	0.00
45.00	24.50	20.10	20.90	20.40	22.70	2.10	27.23	0.00
45.10	24.50	20.10	20.90	20.40	22.70	1.60	43.76	0.00
45.20	24.70	20.20	20.90	20.60	23.20	1.90	4.69	0.00
45.30	24.70	20.20	20.90	20.60	23.20	1.90	36.95	0.00
45.40	24.70	20.20	20.90	20.60	23.50	1.80	20.74	0.00
45.50	24.80	20.20	21.10	20.60	23.50	1.30	31.96	0.00
45.60	24.80	20.20	21.10	20.60	23.50	1.30	6.88	0.00
45.70	24.60	20.10	20.90	20.40	23.60	2.10	17.82	0.00
45.80	24.60	20.10	20.90	20.40	23.60	2.10	25.78	0.00
45.90	24.60	20.10	20.90	20.40	23.60	2.10	41.46	0.00
46.00	24.60	20.20	20.90	20.50	23.80	1.50	44.57	0.00
46.10	24.60	20.20	20.90	20.50	23.80	1.50	53.84	0.00
46.20	24.70	20.30	21.00	20.60	24.30	1.60	19.56	0.00
46.30	24.70	20.30	21.00	20.60	24.30	1.60	18.17	0.00
46.40	24.70	20.30	21.00	20.60	23.90	1.90	15.88	0.00
46.50	24.60	20.10	21.00	20.40	23.90	1.90	39.56	0.00
46.60	24.60	20.10	21.00	20.40	24.30	2.10	55.53	0.00
46.70	24.60	20.10	21.00	20.40	24.30	1.50	34.41	0.00
46.80	24.70	20.10	21.00	20.50	24.30	1.50	49.81	0.00
46.90	24.70	20.10	21.00	20.50	24.60	1.90	18.07	0.00
47.00	24.70	20.20	21.00	20.60	24.40	1.80	54.80	0.00
47.10	24.70	20.20	21.00	20.60	24.40	1.80	19.88	0.00
47.20	24.70	20.20	21.00	20.60	24.60	1.90	34.54	0.00
47.30	24.60	20.20	21.00	20.40	24.40	1.60	53.22	0.00
47.40	24.60	20.20	21.00	20.40	24.40	1.60	52.55	0.00
47.50	24.70	20.20	21.00	20.40	24.60	2.30	11.22	0.00
47.60	24.70	20.20	21.00	20.40	24.60	2.30	33.71	0.00
47.70	24.70	20.20	21.00	20.40	24.60	2.30	29.02	0.00
47.80	24.70	20.20	21.10	20.50	24.90	1.80	58.95	0.00
47.90	24.70	20.20	21.10	20.50	24.90	1.80	8.76	0.00
48.00	24.70	20.10	21.10	20.50	25.50	1.50	19.15	0.00
48.10	24.70	20.10	21.10	20.50	25.50	1.50	21.48	0.00
48.20	24.70	20.10	21.10	20.50	25.30	1.90	38.78	0.00
48.30	24.70	20.10	20.90	20.50	25.30	1.90	28.87	0.00
48.40	24.70	20.10	20.90	20.50	25.80	1.90	37.83	0.00
48.50	24.70	20.10	20.90	20.50	25.80	1.90	59.32	0.00
48.60	24.70	20.10	21.00	20.40	25.80	1.60	41.93	0.00
48.70	24.70	20.10	21.00	20.40	26.10	1.80	25.62	0.00
48.80	24.70	20.10	21.00	20.40	26.10	1.90	46.07	0.00
48.90	24.60	20.20	21.00	20.40	26.10	1.90	12.96	0.00
49.00	24.60	20.20	21.00	20.40	26.10	2.40	24.73	0.00
49.10	24.60	20.20	21.00	20.40	26.70	1.60	21.87	0.00
49.20	24.80	20.10	21.00	20.50	26.70	1.60	17.27	0.00
49.30	24.80	20.10	21.00	20.50	26.60	1.80	17.95	0.00
49.40	24.70	20.20	21.00	20.50	26.60	1.80	41.59	0.00
49.50	24.70	20.20	21.00	20.50	26.60	1.80	37.06	0.00
49.60	24.80	20.10	21.00	20.50	26.90	2.10	34.24	0.00
49.70	24.80	20.10	21.00	20.50	26.90	2.10	27.94	0.00
49.80	24.80	20.10	21.00	20.50	26.90	2.30	41.81	0.00
49.90	24.70	20.10	20.90	20.50	27.60	1.80	27.63	0.00
50.00	24.70	20.10	20.90	20.50	27.60	1.80	18.80	0.00
50.10	24.70	20.20	21.00	20.50	26.70	1.80	17.78	0.00
50.20	24.70	20.20	21.00	20.50	26.70	1.80	20.96	0.00
50.30	24.70	20.20	21.00	20.50	27.50	1.60	21.45	0.00
50.40	24.60	20.00	20.90	20.40	27.50	1.60	28.96	0.00
50.50	24.60	20.00	20.90	20.40	27.80	2.30	17.16	0.00
50.60	24.70	20.10	21.00	20.60	27.50	1.60	27.46	0.00
50.70	24.70	20.10	21.00	20.60	27.50	1.60	16.54	0.00
50.80	24.70	20.10	21.00	20.60	28.10	1.60	44.61	0.00
50.90	24.60	20.00	20.90	20.50	28.30	2.10	35.44	0.00
51.00	24.60	20.00	20.90	20.50	28.30	2.10	20.79	0.00
51.10	24.70	20.20	21.00	20.40	28.30	2.10	12.66	0.00
51.20	24.70	20.20	21.00	20.40	28.30	2.10	17.98	0.00
51.30	24.70	20.20	21.00	20.40	28.30	2.10	39.62	0.00
51.40	24.80	20.20	21.00	20.50	28.30	2.10	53.94	0.00
51.50	24.80	20.20	21.00	20.50	28.40	1.80	24.97	0.00
51.60	24.70	20.20	21.00	20.60	27.90	1.90	31.94	0.00
51.70	24.70	20.20	21.00	20.60	27.90	1.90	7.20	0.00
51.80	24.70	20.20	21.00	20.60	28.30	1.80	22.02	0.00
51.90	24.80	20.20	21.00	20.50	28.70	1.80	15.68	0.00
52.00	24.80	20.20	21.00	20.50	28.70	1.80	47.54	0.00
52.10	24.80	20.30	21.00	20.50	28.90	1.90	5.11	0.00
52.20	24.80	20.30	21.00	20.50	28.90	1.90	43.12	0.00
52.30	24.80	20.30	21.00	20.50	29.20	2.30	14.61	0.00
52.40	24.80	20.30	21.10	20.60	29.20	2.30	44.68	0.00
52.50	24.80	20.30	21.10	20.60	29.30	1.90	23.35	0.00
52.60	24.70	20.20	20.90	20.50	28.70	1.80	16.13	0.00
52.70	24.70	20.20	20.90	20.50	28.70	1.80	12.73	0.00
52.80	24.70	20.20	20.90	20.50	29.20	1.60	36.68	0.00
52.90	24.80	20.30	21.10	20.60	29.30	1.50	18.41	0.00
53.00	24.80	20.30	21.10	20.60	29.30	1.50	27.04	0.00
53.10	24.80	20.30	21.10	20.60	29.30	1.50	3.26	0.00
53.20	24.60	20.10	20.90	20.40	29.30	1.50	38.95	0.00
53.30	24.60	20.10	20.90	20.40	29.90	1.90	58.54	0.00
53.40	24.70	20.10	21.00	20.50	29.80	1.00	42.19	0.00
53.50	24.70	20.10	21.00	20.50	29.80	1.00	57.86	0.00
53.60	24.70	20.10	21.00	20.50	30.10	1.30	29.96	0.00
53.70	24.80	20.20	21.10	20.40	30.10	1.30	13.56	0.00
53.80	24.80	20.20	21.10	20.40	30.10	1.90	20.34	0.00
53.90	24.70	20.20	21.00	20.60	29.60	1.80	51.52	0.00
54.00	24.70	20.20	21.00	20.60	29.60	1.80	5.17	0.00
54.10	24.70	20.20	21.00	20.60	30.40	2.10	3.42	0.00
54.20	24.80	20.30	21.10	20.70	30.40	2.10	17.78	0.00
54.30	24.80	20.30	21.10	20.70	30.70	1.80	26.50	0.00
54.40	24.80	20.30	21.10	20.70	30.70	1.80	51.11	0.00
54.50	24.80	20.20	20.90	20.60	30.70	2.10	38.02	0.00
54.60	24.80	20.20	20.90	20.60	28.90	1.90	30.90	0.00
54.70	24.80	20.20	20.90	20.60	30.60	1.60	16.71	0.00
54.80	24.70	20.20	21.00	20.50	30.60	1.60	16.16	0.00
54.90	24.70	20.20	21.00	20.50	30.60	1.60	20.63	0.00
55.00	24.70	20.20	21.00	20.50	31.00	2.30	46.66	0.00
55.10	24.70	20.20	21.10	20.60	31.00	2.30	18.29	0.00
55.20	24.70	20.20	21.10	20.60	31.00	2.10	22.25	0.00
55.30	24.50	20.20	21.10	20.50	31.00	2.10	15.23	0.00
55.40	24.50	20.20	21.10	20.50	31.00	1.80	36.94	0.00
55.50	24.60	20.30	21.10	20.50	31.30	1.30	58.50	0.00
55.60	24.60	20.30	21.10	20.50	31.30	1.30	17.06	0.00
55.70	24.60	20.30	21.10	20.50	31.30	1.80	29.42	0.00
55.80	24.80	20.20	21.10	20.60	31.60	2.10	41.22	0.00
55.90	24.80	20.20	21.10	20.60	31.60	2.10	45.19	0.00
56.00	24.70	20.20	21.00	20.50	31.50	2.10	16.85	0.00
56.10	24.70	20.20	21.00	20.50	31.50	2.10	9.65	0.00
56.20	24.70	20.20	21.00	20.50	31.20	1.90	35.14	0.00
56.30	24.70	20.20	21.10	20.50	31.20	1.90	11.32	0.00
56.40	24.70	20.20	21.10	20.50	31.80	1.60	13.73	0.00
56.50	24.70	20.20	21.10	20.50	31.80	1.60	18.96	0.00
56.60	24.80	20.20	21.00	20.50	33.30	1.60	28.63	0.00
56.70	24.80	20.20	21.00	20.50	33.30	1.60	22.02	0.00
56.80	24.80	20.20	21.00	20.50	33.30	1.60	42.74	0.00
56.90	24.80	20.20	21.10	20.60	32.60	1.80	35.86	0.00
57.00	24.80	20.20	21.10	20.60	32.60	1.80	4.65	0.00
57.10	24.80	20.20	21.10	20.60	32.40	1.60	21.11	0.00
57.20	24.70	20.20	21.00	20.50	32.60	2.30	18.01	0.00
57.30	24.70	20.20	21.00	20.50	32.60	2.30	40.47	0.00
57.40	24.70	20.20	21.00	20.50	33.00	1.80	51.63	0.00
57.50	24.70	20.20	20.90	20.30	33.00	1.90	5.45	0.00
57.60	24.70	20.20	20.90	20.30	33.00	1.90	7.97	0.00
57.70	24.70	20.20	20.90	20.30	32.90	2.10	22.37	0.00
57.80	24.70	20.20	20.90	20.40	33.30	1.90	27.36	0.00
57.90	24.70	20.20	20.90	20.40	33.30	1.90	24.26	0.00
58.00	24.70	20.30	21.00	20.50	33.30	1.90	41.01	0.00
58.10	24.70	20.30	21.00	20.50	33.30	1.90	30.31	0.00
58.20	24.70	20.30	21.00	20.50	33.60	1.90	17.45	0.00
58.30	24.70	20.30	21.00	20.50	33.60	1.90	33.65	0.00
58.40	24.70	20.20	21.00	20.60	33.30	1.80	44.52	0.00
58.50	24.70	20.20	21.00	20.60	33.30	1.80	10.18	0.00
58.60	24.70	20.20	21.00	20.60	33.30	1.80	19.91	0.00
58.70	24.80	20.10	21.00	20.70	33.80	2.10	27.03	0.00
58.80	24.80	20.10	21.00	20.70	33.80	2.10	26.83	0.00
58.90	24.60	20.20	21.00	20.50	34.10	1.50	34.81	0.00
59.00	24.60	20.20	21.00	20.50	34.10	1.50	15.19	0.00
59.10	24.60	20.20	21.00	20.50	34.40	1.60	39.39	0.00
59.20	24.60	20.00	20.90	20.40	34.40	1.80	57.21	0.00
59.30	24.60	20.00	20.90	20.40	34.40	1.80	15.72	0.00
59.40	24.60	20.20	20.90	20.40	34.30	2.10	38.63	0.00
59.50	24.60	20.20	20.90	20.40	34.30	2.10	3.43	0.00
59.60	24.60	20.20	20.90	20.40	34.60	1.80	54.17	0.00
59.70	24.80	20.10	20.90	20.50	34.90	2.10	39.40	0.00
59.80	24.80	20.10	20.90	20.50	34.90	2.10	47.14	0.00
59.90	24.80	20.20	20.90	20.60	35.20	1.80	20.58	0.00
60.00	24.80	20.20	20.90	20.60	35.20	1.80	59.29	0.00
60.10	24.80	20.20	20.90	20.60	34.70	1.90	23.81	0.00
60.20	24.80	20.20	20.90	20.60	34.70	1.90	47.41	0.00
60.30	24.70	20.20	21.00	20.50	35.00	1.50	11.41	0.00
60.40	24.70	20.20	21.00	20.50	35.00	1.50	19.97	0.00
60.50	24.60	20.10	21.00	20.40	35.00	1.50	40.05	0.00
60.60	24.60	20.10	21.00	20.40	35.00	1.50	40.02	0.00
60.70	24.60	20.10	21.00	20.40	35.20	1.50	55.90	0.00
60.80	24.70	20.20	21.00	20.60	35.20	1.50	29.58	0.00
60.90	24.70	20.20	21.00	20.60	35.80	2.70	47.93	0.00
61.00	24.60	20.10	20.90	20.50	36.10	0.30	24.76	0.00
61.10	24.60	20.10	20.90	20.50	36.10	0.30	33.86	0.00
61.20	24.70	20.20	20.90	20.60	35.60	1.90	51.76	0.00
61.30	24.70	20.20	20.90	20.60	35.60	1.90	49.06	0.00
61.40	24.70	20.20	20.90	20.60	35.90	1.80	51.03	0.00
61.50	24.50	20.10	20.80	20.40	36.10	2.60	4.36	0.00
61.60	24.50	20.10	20.80	20.40	36.10	2.60	19.93	0.00
61.70	24.50	20.10	20.80	20.40	36.40	1.60	17.13	0.00
61.80	24.80	20.30	21.10	20.60	36.10	1.90	46.40	0.00
61.90	24.80	20.30	21.10	20.60	36.10	1.90	22.15	0.00
62.00	24.80	20.30	21.10	20.60	36.40	1.60	34.90	0.00
62.10	24.50	20.10	21.00	20.40	36.60	1.90	20.76	0.00
62.20	24.50	20.10	21.00	20.40	36.60	1.90	24.70	0.00
62.30	24.50	20.10	21.00	20.40	36.60	1.90	15.18	0.00
62.40	24.60	20.20	21.10	20.50	36.60	1.90	40.48	0.00
62.50	24.60	20.20	21.10	20.50	36.90	1.80	46.13	0.00
62.60	24.70	20.10	21.00	20.50	36.90	1.80	13.32	0.00
62.70	24.70	20.10	21.00	20.50	36.90	1.50	18.70	0.00
62.80	24.70	20.10	21.00	20.50	37.20	2.30	21.95	0.00
62.90	24.60	20.20	21.00	20.50	37.20	2.30	37.52	0.00
63.00	24.60	20.20	21.00	20.50	37.20	2.60	16.48	0.00
63.10	24.70	20.00	21.10	20.50	37.30	2.60	14.79	0.00
63.20	24.70	20.00	21.10	20.50	37.30	2.60	19.45	0.00
63.30	24.70	20.00	21.10	20.50	37.60	1.90	25.93	0.00
63.40	24.70	20.10	21.00	20.50	37.50	1.80	41.77	0.00
63.50	24.70	20.10	21.00	20.50	37.50	1.80	45.23	0.00
63.60	24.80	20.30	21.00	20.70	38.10	1.90	17.84	0.00
63.70	24.80	20.30	21.00	20.70	38.10	1.90	45.30	0.00
63.80	24.80	20.30	21.00	20.70	38.30	1.60	14.87	0.00
63.90	24.80	20.20	21.00	20.60	38.30	1.60	13.75	0.00
64.00	24.80	20.20	21.00	20.60	37.90	2.10	49.18	0.00
64.10	24.70	20.00	21.00	20.40	37.90	2.10	44.64	0.00
64.20	24.70	20.00	21.00	20.40	37.90	2.10	32.19	0.00
64.30	24.70	20.00	21.00	20.40	37.90	2.10	35.41	0.00
64.40	24.80	20.20	21.00	20.60	38.10	1.60	45.12	0.00
64.50	24.80	20.20	21.00	20.60	38.10	1.60	27.27	0.00
64.60	24.80	20.20	21.00	20.60	36.60	2.40	30.58	0.00
64.70	24.70	20.10	20.90	20.50	39.00	1.80	28.98	0.00
64.80	24.70	20.10	20.90	20.50	39.00	1.80	18.60	0.00
64.90	24.70	20.10	20.90	20.50	38.60	1.60	22.51	0.00
65.00	24.70	20.20	21.00	20.40	38.90	1.80	33.60	0.00
65.10	24.70	20.20	21.00	20.40	38.90	1.80	59.57	0.00
65.20	24.70	20.20	21.00	20.60	38.90	1.60	5.21	0.00
65.30	24.70	20.20	21.00	20.60	38.90	1.60	21.04	0.00
65.40	24.70	20.20	21.00	20.60	39.00	1.90	32.24	0.00
65.50	24.70	20.20	21.00	20.50	39.00	1.60	50.95	0.00
65.60	24.70	20.20	21.00	20.50	39.00	1.60	17.16	0.00
65.70	24.70	20.20	21.00	20.50	39.00	1.50	33.10	0.00
65.80	24.80	20.30	21.10	20.50	39.00	1.50	22.35	0.00
65.90	24.80	20.30	21.10	20.50	39.00	2.30	30.44	0.00
66.00	24.50	20.10	21.00	20.50	39.00	2.30	50.36	0.00
66.10	24.50	20.10	21.00	20.50	39.00	2.30	14.94	0.00
66.20	24.50	20.10	21.00	20.50	39.00	2.30	47.55	0.00
66.30	24.50	20.10	21.00	20.50	39.60	1.90	14.14	0.00
66.40	24.60	20.20	21.00	20.50	40.10	-0.10	20.86	0.00
66.50	24.60	20.20	21.00	20.50	40.10	-0.10	21.60	0.00
66.60	24.60	20.20	21.00	20.50	40.10	1.80	19.89	0.00
66.70	24.70	20.10	21.00	20.50	40.10	1.80	31.92	0.00
66.80	24.70	20.10	21.00	20.50	39.80	2.10	28.31	0.00
66.90	24.80	20.20	21.20	20.50	39.80	2.10	33.29	0.00
67.00	24.80	20.20	21.20	20.50	40.40	2.30	42.28	0.00
67.10	24.80	20.20	21.20	20.50	40.90	2.10	37.06	0.00
67.20	24.60	20.20	21.00	20.50	40.90	2.10	17.33	0.00
67.30	24.60	20.20	21.00	20.50	40.40	1.80	20.27	0.00
67.40	24.60	20.10	21.00	20.40	40.40	2.30	28.08	0.00
67.50	24.60	20.10	21.00	20.40	40.40	2.30	44.09	0.00
67.60	24.60	20.10	21.00	20.40	40.10	1.60	47.31	0.00
67.70	24.50	20.20	21.00	20.50	40.10	1.60	22.54	0.00
67.80	24.50	20.20	21.00	20.50	40.30	1.90	25.87	0.00
67.90	24.50	20.20	21.00	20.50	40.30	1.90	27.35	0.00
68.00	24.30	20.10	20.90	20.60	40.30	1.90	39.25	0.00
68.10	24.30	20.10	20.90	20.60	40.90	1.90	43.90	0.00
68.20	24.30	20.10	20.90	20.60	40.90	1.90	17.11	0.00
68.30	24.20	20.20	21.10	20.50	40.60	3.20	10.48	0.00
68.40	24.20	20.20	21.10	20.50	40.60	3.20	7.40	0.00
68.50	24.10	20.20	21.10	20.70	40.40	1.60	5.73	0.00
68.60	24.10	20.20	21.10	20.70	40.40	1.60	4.68	0.00
68.70	24.10	20.20	21.10	20.70	40.30	2.10	3.90	0.00
68.80	24.00	20.20	21.10	20.50	40.30	2.10	3.32	0.00
68.90	24.00	20.20	21.10	20.50	40.30	2.10	2.92	0.00
69.00	24.00	20.20	21.10	20.50	39.90	2.10	2.56	0.00
69.10	23.80	20.20	21.20	20.40	39.90	2.10	2.23	0.00
69.20	23.80	20.20	21.20	20.40	39.90	1.60	1.94	0.00
69.30	23.80	20.30	21.10	20.60	39.90	1.60	1.75	0.00
69.40	23.80	20.30	21.10	20.60	39.90	1.80	1.65	0.00
69.50	23.80	20.30	21.10	20.60	39.90	1.80	1.42	0.00
69.60	23.50	20.00	21.00	20.40	40.10	0.40	1.36	0.00
69.70	23.50	20.00	21.00	20.40	39.60	1.80	1.21	0.00
69.80	23.50	20.00	21.00	20.40	39.60	1.80	1.08	0.00
69.90	23.60	20.30	21.00	20.60	39.60	1.80	0.98	0.00
70.00	23.60	20.30	21.00	20.60	39.60	1.80	0.91	0.00
70.10	23.50	20.20	21.00	20.40	40.10	1.60	0.85	0.00
70.20	23.50	20.20	21.00	20.40	40.10	1.60	0.82	0.00
70.30	23.50	20.20	21.00	20.40	40.10	2.40	0.72	0.00
70.40	23.50	20.30	21.20	20.50	40.10	2.40	0.64	0.00
70.50	23.50	20.30	21.20	20.50	39.60	1.60	0.60	0.00
70.60	23.50	20.10	21.10	20.60	39.90	1.90	0.57	0.00
70.70	23.50	20.10	21.10	20.60	39.90	1.90	0.50	0.00
70.80	23.50	20.10	21.10	20.60	40.30	1.60	0.50	0.00
70.90	23.40	20.20	21.00	20.60	39.60	1.80	0.41	0.00
71.00	23.40	20.20	21.00	20.60	39.60	1.80	0.38	0.00
71.10	23.40	20.20	21.00	20.60	39.90	1.60	0.32	0.00
71.20	23.20	20.10	20.90	20.50	39.90	1.60	0.34	0.00
71.30	23.20	20.10	20.90	20.50	40.30	2.10	0.32	0.00
71.40	23.20	20.00	21.00	20.40	40.10	1.90	0.31	0.00
71.50	23.20	20.00	21.00	20.40	40.10	1.90	0.26	0.00
71.60	23.20	20.00	21.00	20.40	39.80	1.80	0.31	0.00
71.70	23.30	20.30	21.10	20.50	39.80	1.80	0.28	0.00
71.80	23.30	20.30	21.10	20.50	39.80	1.80	0.19	0.00
71.90	23.30	20.30	21.10	20.50	40.10	1.90	0.25	0.00
72.00	23.10	20.20	20.90	20.60	40.10	1.90	0.19	0.00
72.10	23.10	20.20	20.90	20.60	40.10	2.10	0.21	0.00
72.20	23.10	20.20	20.90	20.60	40.10	2.10	0.19	0.00
72.30	23.20	20.10	20.90	20.50	40.30	2.10	0.19	0.00
72.40	23.20	20.10	20.90	20.50	40.10	2.10	0.15	0.00
72.50	23.20	20.10	20.90	20.50	40.10	2.10	0.09	0.00
72.60	23.20	20.40	21.20	20.70	40.10	1.80	0.09	0.00
72.70	23.20	20.40	21.20	20.70	40.60	1.90	0.09	0.00
72.80	23.20	20.40	21.20	20.70	40.60	1.90	0.04	0.00
72.90	22.90	20.20	21.00	20.50	40.10	2.10	0.04	0.00
73.00	22.90	20.20	21.00	20.50	40.10	2.10	0.02	0.00
73.10	22.90	20.20	21.00	20.50	40.30	1.60	0.04	0.00
73.20	23.00	20.20	21.00	20.50	39.50	2.10	0.02	0.00
73.30	23.00	20.20	21.00	20.50	39.50	2.10	0.04	0.00
73.40	22.90	20.20	21.00	20.50	39.90	1.80	0.02	0.00
73.50	22.90	20.20	21.00	20.50	39.90	1.80	0.07	0.00
73.60	22.90	20.20	21.00	20.50	39.90	1.80	0.04	0.00
73.70	22.90	20.10	21.00	20.50	39.90	1.80	0.06	0.00
73.80	22.90	20.10	21.00	20.50	39.90	1.80	0.07	0.00
73.90	22.90	20.10	21.00	20.50	40.10	1.90	0.06	0.00
74.00	22.90	20.20	21.10	20.50	40.10	1.90	0.04	0.00
74.10	22.90	20.20	21.10	20.50	39.80	1.90	0.02	0.00
74.20	22.90	20.20	21.10	20.50	39.80	1.90	0.04	0.00
74.30	22.90	20.10	21.00	20.50	39.80	1.90	0.04	0.00
74.40	22.90	20.10	21.00	20.50	40.10	1.50	0.06	0.00
74.50	22.90	20.10	21.00	20.50	40.10	1.50	0.04	0.00
74.60	22.80	20.10	20.90	20.50	39.50	1.80	0.02	0.00
74.70	22.80	20.10	20.90	20.50	39.60	1.60	0.07	0.00
74.80	22.80	20.10	20.90	20.50	39.60	1.60	0.09	0.00
74.90	22.80	20.20	20.90	20.60	39.50	2.10	0.04	0.00
75.00	22.80	20.20	20.90	20.60	39.60	1.60	-0.02	0.00
75.10	22.80	20.20	20.90	20.60	39.60	1.60	0.06	0.00
75.20	22.80	20.20	20.90	20.60	39.60	1.60	0.02	0.00
75.30	23.00	20.30	21.10	20.60	40.30	2.10	0.06	0.00
75.40	23.00	20.30	21.10	20.60	40.30	2.10	0.02	0.00
75.50	22.70	20.30	21.10	20.60	40.30	2.10	0.02	0.00
75.60	22.70	20.30	21.10	20.60	40.30	2.10	0.04	0.00
75.70	22.70	20.30	21.10	20.60	39.90	2.10	0.02	0.00
75.80	22.80	20.20	21.00	20.40	40.30	1.00	0.00	0.00
75.90	22.80	20.20	21.00	20.40	40.30	1.00	0.06	0.00
76.00	22.80	20.20	21.00	20.40	39.80	1.50	0.02	0.00
76.10	22.90	20.20	21.10	20.60	39.80	1.50	0.02	0.00
76.20	22.90	20.20	21.10	20.60	40.10	1.90	0.02	0.00
76.30	22.90	20.20	21.10	20.60	40.10	1.80	0.00	0.00
76.40	22.80	20.20	21.00	20.50	40.10	1.80	0.02	0.00
76.50	22.80	20.20	21.00	20.50	40.10	2.30	0.00	0.00
76.60	22.80	20.30	21.10	20.70	40.10	1.80	0.00	0.00
76.70	22.80	20.30	21.10	20.70	40.10	1.80	0.02	0.00
76.80	22.70	20.10	21.10	20.50	40.10	2.70	0.00	0.00
76.90	22.70	20.10	21.10	20.50	40.10	2.70	0.00	0.00
77.00	22.70	20.10	21.10	20.50	40.30	0.90	0.00	0.00
77.10	22.60	20.20	21.00	20.40	40.30	0.90	0.02	0.00
77.20	22.60	20.20	21.00	20.40	39.90	1.80	0.02	0.00
77.30	22.60	20.20	21.00	20.40	39.90	1.80	0.02	0.00
77.40	22.50	20.20	21.00	20.50	39.90	1.80	0.02	0.00
77.50	22.50	20.20	21.00	20.50	39.80	1.80	0.02	0.00
77.60	22.60	20.10	21.00	20.50	39.80	1.80	0.02	0.00
77.70	22.60	20.10	21.00	20.50	40.10	1.60	0.02	0.00
77.80	22.60	20.10	21.00	20.50	40.10	1.60	0.02	0.00
77.90	22.70	20.20	21.20	20.60	40.30	2.30	0.02	0.00
78.00	22.70	20.20	21.20	20.60	40.10	1.30	0.02	0.00
78.10	22.70	20.20	21.20	20.60	40.10	2.10	0.02	0.00
78.20	22.70	20.30	21.00	20.70	40.10	2.10	0.02	0.00
78.30	22.70	20.30	21.00	20.70	39.80	1.80	0.04	0.00
78.40	22.70	20.30	21.00	20.70	39.80	1.80	0.00	0.00
78.50	22.60	20.30	21.00	20.50	40.30	1.60	0.04	0.00
78.60	22.60	20.30	21.00	20.50	40.30	1.60	0.02	0.00
78.70	22.60	20.30	21.00	20.50	39.90	2.10	0.02	0.00
78.80	22.80	20.30	21.00	20.50	39.90	2.10	0.02	0.00
78.90	22.80	20.30	21.00	20.50	39.80	1.80	0.02	0.00
79.00	22.80	20.30	21.00	20.50	39.50	1.90	0.02	0.00
79.10	22.60	20.10	21.00	20.50	39.50	1.90	0.02	0.00
79.20	22.60	20.10	21.00	20.50	39.50	1.90	0.02	0.00
79.30	22.60	20.10	21.00	20.50	39.50	1.90	0.02	0.00
79.40	22.50	20.20	21.00	20.40	39.80	2.10	0.06	0.00
79.50	22.50	20.20	21.00	20.40	40.30	1.90	0.02	0.00
79.60	22.50	20.20	21.00	20.40	40.30	1.90	0.00	0.00
79.70	22.60	20.30	21.00	20.50	39.90	1.60	0.00	0.00
79.80	22.60	20.30	21.00	20.50	39.90	1.60	0.00	0.00
79.90	22.60	20.30	21.00	20.50	39.90	1.60	0.02	0.00
80.00	22.50	20.10	21.10	20.60	40.10	1.90	-0.02	0.00
80.10	22.50	20.10	21.10	20.60	40.10	1.90	0.00	0.00
80.20	22.50	20.10	21.10	20.60	39.60	1.90	0.02	0.00
80.30	22.50	20.10	21.10	20.60	39.60	1.90	0.02	0.00
80.40	22.50	20.30	21.00	20.60	40.40	2.60	0.02	0.00
80.50	22.50	20.30	21.00	20.60	40.40	2.60	0.02	0.00
80.60	22.40	20.10	21.00	20.50	39.60	2.10	0.02	0.00
80.70	22.40	20.10	21.00	20.50	39.80	1.80	0.02	0.00
80.80	22.40	20.10	21.00	20.50	39.80	1.80	0.00	0.00
80.90	22.50	20.10	21.00	20.50	40.30	1.80	0.02	0.00
81.00	22.50	20.10	21.00	20.50	40.30	1.80	0.00	0.00
81.10	22.50	20.10	21.00	20.50	40.30	1.80	0.02	0.00
81.20	22.50	20.10	21.00	20.50	40.10	2.10	-0.02	0.00
81.30	22.50	20.10	21.00	20.50	40.10	2.10	0.00	0.00
81.40	22.50	20.20	21.10	20.60	40.40	2.30	-0.06	0.00
81.50	22.50	20.20	21.10	20.60	39.60	1.80	0.06	0.00
81.60	22.50	20.20	21.10	20.60	39.60	1.80	0.00	0.00
81.70	22.50	20.20	20.90	20.50	38.60	2.10	0.02	0.00
81.80	22.50	20.20	20.90	20.50	38.60	2.10	0.02	0.00
81.90	22.50	20.20	20.90	20.50	40.10	2.10	0.00	0.00
82.00	22.50	20.20	21.00	20.50	40.10	2.10	0.00	0.00
82.10	22.50	20.20	21.00	20.50	39.80	1.60	-0.02	0.00
82.20	22.40	20.30	21.00	20.40	39.80	1.60	0.02	0.00
82.30	22.40	20.30	21.00	20.40	40.10	1.90	0.00	0.00
82.40	22.40	20.20	21.10	20.60	39.80	1.80	0.02	0.00
82.50	22.40	20.20	21.10	20.60	39.80	1.80	0.00	0.00
82.60	22.40	20.20	21.10	20.60	39.20	2.10	0.04	0.00
82.70	22.30	20.30	21.00	20.50	39.20	2.10	0.00	0.00
82.80	22.30	20.30	21.00	20.50	39.90	1.80	0.02	0.00
82.90	22.30	20.30	21.00	20.50	39.90	1.80	0.00	0.00
83.00	22.30	20.20	21.00	20.50	39.90	1.80	0.00	0.00
83.10	22.30	20.20	21.00	20.50	39.90	1.80	0.02	0.00
83.20	22.40	20.10	21.10	20.60	39.90	1.80	0.02	0.00
83.30	22.40	20.10	21.10	20.60	39.80	1.90	0.00	0.00
83.40	22.40	20.10	21.10	20.60	40.10	1.90	-0.02	0.00
83.50	22.30	20.20	21.00	20.50	40.10	1.90	0.02	0.00
83.60	22.30	20.20	21.00	20.50	40.70	1.60	-0.02	0.00
83.70	22.30	20.30	20.90	20.60	40.70	1.60	0.02	0.00
83.80	22.30	20.30	20.90	20.60	39.90	1.50	0.02	0.00
83.90	22.30	20.30	20.90	20.60	39.90	1.50	0.02	0.00
84.00	22.30	20.20	21.00	20.40	39.50	1.90	0.00	0.00
84.10	22.30	20.20	21.00	20.40	39.80	1.50	0.00	0.00
84.20	22.30	20.20	21.00	20.40	39.80	1.50	0.02	0.00
84.30	22.30	20.10	21.00	20.40	40.30	2.10	0.02	0.00
84.40	22.30	20.10	21.00	20.40	40.30	2.10	0.00	0.00
84.50	22.30	20.10	21.00	20.40	40.10	1.60	0.02	0.00
84.60	22.30	20.20	21.00	20.50	39.90	1.90	0.02	0.00
84.70	22.30	20.20	21.00	20.50	39.90	1.90	-0.02	0.00
84.80	22.30	20.20	21.00	20.50	39.90	1.90	0.00	0.00
84.90	22.30	20.20	21.00	20.50	39.90	1.90	0.04	0.00
85.00	22.40	20.40	21.10	20.60	39.90	1.90	0.02	0.00
85.10	22.40	20.40	21.10	20.60	40.10	2.30	0.02	0.00
85.20	22.40	20.40	21.10	20.60	40.10	2.30	-0.06	0.00
85.30	22.40	20.40	21.10	20.60	40.10	2.30	-0.06	0.00
85.40	22.30	20.30	21.00	20.50	40.10	1.80	-0.06	0.00
85.50	22.30	20.30	21.00	20.50	40.40	1.60	-0.02	0.00
85.60	22.30	20.30	21.00	20.50	40.40	1.60	-0.02	0.00
85.70	22.30	20.20	21.00	20.70	39.90	1.60	0.00	0.00
85.80	22.30	20.20	21.00	20.70	39.90	1.60	-0.02	0.00
85.90	22.30	20.20	21.00	20.70	39.60	1.90	-0.04	0.00
86.00	22.40	20.30	21.10	20.60	39.50	2.10	-0.04	0.00
86.10	22.40	20.30	21.10	20.60	39.50	2.10	-0.04	0.00
86.20	22.40	20.30	21.10	20.60	39.60	1.80	0.00	0.00
86.30	22.20	20.30	21.00	20.50	40.10	2.30	0.00	0.00
86.40	22.20	20.30	21.00	20.50	40.10	2.30	0.00	0.00
86.50	22.30	20.30	21.00	20.50	40.10	2.30	0.00	0.00
86.60	22.30	20.30	21.00	20.50	40.10	2.30	0.00	0.00
86.70	22.30	20.30	21.00	20.50	40.40	1.90	0.00	0.00
86.80	22.10	20.20	21.10	20.50	40.40	1.90	0.00	0.00
86.90	22.10	20.20	21.10	20.50	40.40	1.90	0.00	0.00
87.00	22.10	20.20	21.10	20.50	39.60	1.90	0.00	0.00
87.10	22.30	20.20	20.90	20.60	39.60	1.90	0.00	0.00
87.20	22.30	20.20	20.90	20.60	40.30	1.80	0.00	0.00
87.30	22.30	20.20	21.00	20.60	40.30	1.80	0.00	0.00
87.40	22.30	20.20	21.00	20.60	39.90	1.60	0.00	0.00
87.50	22.30	20.30	21.10	20.50	39.90	1.90	0.00	0.00
87.60	22.30	20.30	21.10	20.50	39.90	1.90	0.00	0.00
87.70	22.30	20.30	21.10	20.50	39.80	1.30	0.00	0.00
87.80	22.20	20.10	21.00	20.50	40.30	1.60	0.00	0.00
87.90	22.20	20.10	21.00	20.50	40.30	1.60	0.00	0.00
88.00	22.20	20.10	21.00	20.50	40.30	1.60	0.00	0.00
88.10	22.20	20.20	21.00	20.40	39.80	1.80	0.00	0.00
88.20	22.20	20.20	21.00	20.40	39.80	1.80	0.00	0.00
88.30	22.20	20.20	21.00	20.40	39.80	1.90	0.00	0.00
88.40	22.30	20.30	21.00	20.60	39.90	1.30	0.00	0.00
88.50	22.30	20.30	21.00	20.60	39.90	1.30	0.00	0.00
88.60	22.20	20.30	21.00	20.50	39.90	1.30	0.00	0.00
88.70	22.20	20.30	21.00	20.50	39.90	1.30	0.00	0.00
88.80	22.20	20.30	21.00	20.50	39.90	2.10	0.00	0.00
88.90	22.20	20.20	21.00	20.60	40.10	1.50	0.00	0.00
89.00	22.20	20.20	21.00	20.60	40.10	1.50	0.00	0.00
89.10	22.10	20.10	21.00	20.40	39.90	2.10	0.00	0.00
89.20	22.10	20.10	21.00	20.40	39.90	2.10	0.00	0.00
89.30	22.10	20.10	21.00	20.40	39.90	1.60	0.00	0.00
89.40	22.30	20.40	21.20	20.70	40.30	1.80	0.00	0.00
89.50	22.30	20.40	21.20	20.70	40.30	1.80	0.00	0.00
89.60	22.30	20.40	21.20	20.70	39.90	1.60	0.00	0.00
89.70	22.00	20.20	21.00	20.60	39.90	1.60	0.00	0.00
89.80	22.00	20.20	21.00	20.60	39.50	1.60	0.00	0.00
89.90	22.00	20.20	21.00	20.60	39.90	1.60	0.00	0.00
90.00	22.10	20.20	21.00	20.60	39.90	1.60	0.00	0.00
90.10	22.10	20.20	21.00	20.60	39.90	1.90	0.00	0.00
90.20	22.10	20.20	21.00	20.60	39.90	1.90	0.00	0.00
90.30	22.10	20.20	21.00	20.60	39.80	1.50	0.00	0.00
90.40	22.20	20.30	21.10	20.50	39.80	1.50	0.00	0.00
90.50	22.20	20.30	21.10	20.50	39.80	1.50	0.00	0.00
90.60	22.10	20.20	21.10	20.60	39.80	1.50	0.00	0.00
90.70	22.10	20.20	21.10	20.60	39.80	1.90	0.00	0.00
90.80	22.10	20.10	21.00	20.40	39.80	1.90	0.00	0.00
90.90	22.10	20.10	21.00	20.40	39.80	1.80	0.00	0.00
91.00	22.10	20.10	21.00	20.40	39.90	2.10	0.00	0.00
91.10	22.10	20.20	21.10	20.50	39.90	2.10	0.00	0.00
91.20	22.10	20.20	21.10	20.50	39.90	2.10	0.00	0.00
91.30	22.10	20.20	21.10	20.50	40.10	3.00	0.00	0.00
91.40	22.10	20.20	21.00	20.50	40.10	3.00	0.00	0.00
91.50	22.10	20.20	21.00	20.50	39.90	1.80	0.00	0.00
91.60	22.10	20.30	21.10	20.60	39.90	2.10	0.00	0.00
91.70	22.10	20.30	21.10	20.60	39.90	2.10	0.00	0.00
91.80	22.00	20.20	20.90	20.50	40.10	1.90	0.00	0.00
91.90	22.00	20.20	20.90	20.50	40.10	1.90	0.00	0.00
92.00	22.00	20.20	20.90	20.50	39.90	1.50	0.00	0.00
92.10	22.10	20.30	21.10	20.50	39.80	1.50	0.00	0.00
92.20	22.10	20.30	21.10	20.50	39.80	1.50	0.00	0.00
92.30	22.10	20.20	21.00	20.50	39.80	1.50	0.00	0.00
92.40	22.10	20.20	21.00	20.50	39.80	1.50	0.00	0.00
92.50	22.10	20.20	21.00	20.50	40.40	1.50	0.00	0.00
92.60	22.10	20.30	21.10	20.50	39.80	1.80	0.00	0.00
92.70	22.10	20.30	21.10	20.50	39.80	1.80	0.00	0.00
92.80	22.20	20.30	21.10	20.60	39.50	1.60	0.00	0.00
92.90	22.20	20.30	21.10	20.60	39.50	1.60	0.00	0.00
93.00	22.20	20.30	21.10	20.60	40.10	1.90	0.00	0.00
93.10	22.00	20.20	21.00	20.50	38.70	2.30	0.00	0.00
93.20	22.00	20.20	21.00	20.50	38.70	2.30	0.00	0.00
93.30	22.10	20.20	21.00	20.60	39.90	2.10	0.00	0.00
93.40	22.10	20.20	21.00	20.60	39.90	2.10	0.00	0.00
93.50	22.10	20.20	21.00	20.60	39.90	1.30	0.00	0.00
93.60	21.90	20.10	21.00	20.50	40.10	2.10	0.00	0.00
93.70	21.90	20.10	21.00	20.50	40.10	2.10	0.00	0.00
93.80	21.90	20.10	21.00	20.50	39.90	2.10	0.00	0.00
93.90	22.10	20.20	20.90	20.60	39.60	1.60	0.00	0.00
94.00	22.10	20.20	20.90	20.60	39.60	1.60	0.00	0.00
94.10	22.10	20.20	20.90	20.60	39.60	1.60	0.00	0.00
94.20	22.00	20.20	21.00	20.50	39.60	1.60	0.00	0.00
94.30	22.00	20.20	21.00	20.50	39.90	2.40	0.00	0.00
94.40	22.00	20.30	21.10	20.60	39.90	1.80	0.00	0.00
94.50	22.00	20.30	21.10	20.60	39.90	1.80	0.00	0.00
94.60	22.10	20.30	21.00	20.50	39.90	1.80	0.00	0.00
94.70	22.10	20.30	21.00	20.50	39.90	1.80	0.00	0.00
94.80	22.10	20.30	21.00	20.50	40.10	2.10	0.00	0.00
94.90	22.00	20.20	21.00	20.50	40.10	1.60	0.00	0.00
95.00	22.00	20.20	21.00	20.50	40.10	1.60	0.00	0.00
95.10	22.10	20.30	21.10	20.60	39.80	1.60	0.00	0.00
95.20	22.10	20.30	21.10	20.60	39.80	1.60	0.00	0.00
95.30	22.10	20.30	21.10	20.60	40.30	1.90	0.00	0.00
95.40	22.00	20.20	20.90	20.50	40.30	1.90	0.00	0.00
95.50	22.00	20.20	20.90	20.50	41.00	1.80	0.00	0.00
95.60	22.00	20.20	20.90	20.50	39.60	2.10	0.00	0.00
95.70	21.90	20.20	21.00	20.60	39.90	2.30	0.00	0.00
95.80	21.90	20.20	21.00	20.60	39.90	2.30	0.00	0.00
95.90	22.20	20.30	21.00	20.60	39.90	2.30	0.00	0.00
96.00	22.20	20.30	21.00	20.60	39.90	2.30	0.00	0.00
96.10	22.20	20.30	21.00	20.60	40.30	2.10	0.00	0.00
96.20	21.90	20.20	20.90	20.50	40.30	1.20	0.00	0.00
96.30	21.90	20.20	20.90	20.50	40.30	1.20	0.00	0.00
96.40	21.90	20.20	20.90	20.50	39.90	1.80	0.00	0.00
96.50	22.10	20.20	21.10	20.40	39.80	1.90	0.00	0.00
96.60	22.10	20.20	21.10	20.40	39.80	1.90	0.00	0.00
96.70	22.10	20.30	21.10	20.60	39.90	1.80	0.00	0.00
96.80	22.10	20.30	21.10	20.60	39.90	1.80	0.00	0.00
96.90	22.10	20.30	21.10	20.60	40.40	1.60	0.00	0.00
97.00	21.90	20.20	21.00	20.60	39.60	2.10	0.00	0.00
97.10	21.90	20.20	21.00	20.60	39.60	2.10	0.00	0.00
97.20	22.00	20.30	21.00	20.50	39.90	1.90	0.00	0.00
97.30	22.00	20.30	21.00	20.50	39.90	1.90	0.00	0.00
97.40	22.00	20.30	21.00	20.50	39.90	1.50	0.00	0.00
97.50	22.00	20.30	21.20	20.60	39.90	1.50	0.00	0.00
97.60	22.00	20.30	21.20	20.60	39.60	2.30	0.00	0.00
97.70	22.00	20.20	21.20	20.60	39.60	2.30	0.00	0.00
97.80	22.00	20.20	21.20	20.60	39.60	2.30	0.00	0.00
97.90	21.90	20.20	20.90	20.50	39.90	2.40	0.00	0.00
98.00	21.90	20.20	20.90	20.50	39.90	2.40	0.00	0.00
98.10	21.90	20.20	20.90	20.50	40.40	2.30	0.00	0.00
98.20	21.90	20.30	21.00	20.50	40.40	2.30	0.00	0.00
98.30	21.90	20.30	21.00	20.50	39.80	1.80	0.00	0.00
98.40	22.10	20.40	21.10	20.60	39.90	1.90	0.00	0.00
98.50	22.10	20.40	21.10	20.60	39.90	1.90	0.00	0.00
98.60	22.10	20.30	21.10	20.50	40.10	1.80	0.00	0.00
98.70	22.10	20.30	21.10	20.50	40.10	1.80	0.00	0.00
98.80	22.10	20.30	21.10	20.50	40.10	1.90	0.00	0.00
98.90	22.00	20.20	21.10	20.50	40.30	2.30	0.00	0.00
99.00	22.00	20.20	21.10	20.50	40.30	2.30	0.00	0.00
99.10	22.00	20.20	21.10	20.50	40.10	1.50	0.00	0.00
99.20	21.90	20.20	21.10	20.50	40.10	1.50	0.00	0.00
99.30	21.90	20.20	21.10	20.50	40.30	2.10	0.00	0.00
99.40	22.00	20.20	21.10	20.60	39.80	1.60	0.00	0.00
99.50	22.00	20.20	21.10	20.60	39.80	1.60	0.00	0.00
99.60	22.00	20.20	21.10	20.60	39.80	1.60	0.00	0.00
99.70	21.90	20.20	21.00	20.40	39.80	1.60	0.00	0.00
99.80	21.90	20.20	21.00	20.40	39.90	1.90	0.00	0.00
99.90	22.00	20.20	21.00	20.50	39.90	2.10	0.00	0.00
100.00	22.00	20.20	21.00	20.50	39.90	2.10	0.00	0.00
100.10	22.00	20.20	21.00	20.50	39.90	1.80	0.00	0.00
100.20	21.90	20.20	21.10	20.60	39.90	1.80	0.00	0.00
100.30	21.90	20.20	21.10	20.60	39.90	1.80	0.00	0.00
100.40	21.90	20.20	21.10	20.60	39.90	1.80	0.00	0.00
100.50	21.90	20.20	21.00	20.40	39.80	1.60	0.00	0.00
100.60	21.90	20.20	21.00	20.40	40.10	2.30	0.00	0.00
100.70	21.90	20.20	21.00	20.40	39.80	1.50	0.00	0.00
100.80	21.90	20.20	21.00	20.50	39.80	1.50	0.00	0.00
100.90	21.90	20.20	21.00	20.50	40.10	2.10	0.00	0.00
101.00	22.10	20.30	21.10	20.50	40.10	2.10	0.00	0.00
101.10	22.10	20.30	21.10	20.50	39.90	2.10	0.00	0.00
101.20	22.10	20.30	21.10	20.50	39.90	1.80	0.00	0.00
101.30	21.90	20.30	21.10	20.50	39.90	1.80	0.00	0.00
101.40	21.90	20.30	21.10	20.50	39.90	1.80	0.00	0.00
101.50	22.00	20.30	21.00	20.50	39.90	1.80	0.00	0.00
101.60	22.00	20.30	21.00	20.50	40.10	1.60	0.00	0.00
101.70	21.90	20.10	20.90	20.40	40.10	1.60	0.00	0.00
101.80	21.90	20.10	20.90	20.40	39.80	1.80	0.00	0.00
101.90	22.00	20.30	21.10	20.60	39.90	1.80	0.00	0.00
102.00	22.00	20.30	21.10	20.60	39.90	1.80	0.00	0.00
102.10	22.00	20.30	21.10	20.60	39.90	2.30	0.00	0.00
102.20	22.00	20.30	21.00	20.50	39.90	2.30	0.00	0.00
102.30	22.00	20.30	21.00	20.50	39.60	1.90	0.00	0.00
102.40	21.90	20.30	21.10	20.50	40.10	2.10	0.00	0.00
102.50	21.90	20.30	21.10	20.50	40.10	2.10	0.00	0.00
102.60	21.90	20.30	21.10	20.50	40.10	0.30	0.00	0.00
102.70	22.00	20.30	21.20	20.70	40.10	0.30	0.00	0.00
102.80	22.00	20.30	21.20	20.70	39.90	1.60	0.00	0.00
102.90	22.00	20.30	21.20	20.70	39.60	1.60	0.00	0.00
103.00	21.90	20.20	21.00	20.50	39.80	1.80	0.00	0.00
103.10	21.90	20.20	21.00	20.50	39.80	1.80	0.00	0.00
103.20	21.90	20.20	21.10	20.50	39.80	1.80	0.00	0.00
103.30	21.90	20.20	21.10	20.50	39.80	1.80	0.00	0.00
103.40	21.90	20.20	21.10	20.50	39.60	1.90	0.00	0.00
103.50	21.80	20.20	21.00	20.50	39.60	1.50	0.00	0.00
103.60	21.80	20.20	21.00	20.50	39.60	1.50	0.00	0.00
103.70	21.90	20.40	21.10	20.60	39.90	1.50	0.00	0.00
103.80	21.90	20.40	21.10	20.60	39.90	1.50	0.00	0.00
103.90	21.90	20.40	21.10	20.60	39.60	1.90	0.00	0.00
104.00	21.90	20.30	21.00	20.50	39.60	1.90	0.00	0.00
104.10	21.90	20.30	21.00	20.50	39.90	2.10	0.00	0.00
104.20	21.90	20.20	21.10	20.40	39.90	2.10	0.00	0.00
104.30	21.90	20.20	21.10	20.40	40.40	1.90	0.00	0.00
104.40	21.90	20.20	21.10	20.40	39.50	2.10	0.00	0.00
104.50	21.90	20.20	21.10	20.50	39.50	2.10	0.00	0.00
104.60	21.90	20.20	21.10	20.50	39.80	1.60	0.00	0.00
104.70	21.80	20.10	21.00	20.40	39.60	1.90	0.00	0.00
104.80	21.80	20.10	21.00	20.40	39.60	1.90	0.00	0.00
104.90	21.80	20.10	21.00	20.40	39.90	2.10	0.00	0.00
105.00	21.80	20.20	21.00	20.40	39.90	2.10	0.00	0.00
105.10	21.80	20.20	21.00	20.40	39.90	2.10	0.00	0.00
105.20	21.80	20.20	21.00	20.40	39.90	2.10	0.00	0.00
105.30	21.90	20.20	21.00	20.50	40.10	1.80	0.00	0.00
105.40	21.90	20.20	21.00	20.50	40.10	1.80	0.00	0.00
105.50	21.80	20.30	21.10	20.50	39.90	1.90	0.00	0.00
105.60	21.80	20.30	21.10	20.50	39.90	2.10	0.00	0.00
105.70	21.80	20.30	21.10	20.50	39.90	2.10	0.00	0.00
105.80	21.80	20.20	21.00	20.40	39.60	1.90	0.00	0.00
105.90	21.80	20.20	21.00	20.40	39.60	1.90	0.00	0.00
106.00	21.80	20.20	21.00	20.40	39.60	1.60	0.00	0.00
106.10	21.80	20.20	21.00	20.50	40.30	2.90	0.00	0.00
106.20	21.80	20.20	21.00	20.50	40.30	2.90	0.00	0.00
106.30	21.80	20.10	21.00	20.30	39.90	1.90	0.00	0.00
106.40	21.80	20.10	21.00	20.30	39.90	1.90	0.00	0.00
106.50	21.80	20.10	21.00	20.30	39.90	1.80	0.00	0.00
106.60	21.80	20.20	21.00	20.50	39.90	1.90	0.00	0.00
106.70	21.80	20.20	21.00	20.50	39.90	1.90	0.00	0.00
106.80	21.80	20.20	21.00	20.50	40.30	2.10	0.00	0.00
106.90	21.80	20.20	21.00	20.40	40.30	2.10	0.00	0.00
107.00	21.80	20.20	21.00	20.40	40.30	2.10	0.00	0.00
107.10	21.70	20.30	21.10	20.60	40.30	2.10	0.00	0.00
107.20	21.70	20.30	21.10	20.60	40.30	2.10	0.00	0.00
107.30	21.80	20.30	21.10	20.40	39.60	1.80	0.00	0.00
107.40	21.80	20.30	21.10	20.40	39.60	1.80	0.00	0.00
107.50	21.80	20.30	21.10	20.40	39.80	2.30	0.00	0.00
107.60	21.90	20.30	21.00	20.60	39.80	2.30	0.00	0.00
107.70	21.90	20.30	21.00	20.60	39.90	1.80	0.00	0.00
107.80	21.80	20.20	21.00	20.50	40.30	1.90	0.00	0.00
107.90	21.80	20.20	21.00	20.50	40.30	1.90	0.00	0.00
108.00	21.80	20.20	21.00	20.50	39.00	2.10	0.00	0.00
108.10	21.80	20.20	21.10	20.60	39.00	2.10	0.00	0.00
108.20	21.80	20.20	21.10	20.60	39.80	1.80	0.00	0.00
108.30	21.80	20.30	21.10	20.60	39.80	1.80	0.00	0.00
108.40	21.80	20.30	21.10	20.60	39.90	1.80	0.00	0.00
108.50	21.80	20.30	21.10	20.60	40.10	2.10	0.00	0.00
108.60	21.80	20.30	21.00	20.50	40.10	2.10	0.00	0.00
108.70	21.80	20.30	21.00	20.50	40.10	1.80	0.00	0.00
108.80	21.80	20.30	21.10	20.50	40.10	1.80	0.00	0.00
108.90	21.80	20.30	21.10	20.50	40.10	1.80	0.00	0.00
109.00	21.80	20.30	21.10	20.50	40.30	1.50	0.00	0.00
109.10	21.70	20.30	21.00	20.40	40.30	1.50	0.00	0.00
109.20	21.70	20.30	21.00	20.40	39.60	2.10	0.00	0.00
109.30	21.70	20.30	21.00	20.40	40.10	1.50	0.00	0.00
109.40	21.70	20.30	21.00	20.50	40.10	1.50	0.00	0.00
109.50	21.70	20.30	21.00	20.50	39.80	1.80	0.00	0.00
109.60	21.70	20.30	21.00	20.50	39.80	1.80	0.00	0.00
109.70	21.70	20.30	21.00	20.50	39.80	1.80	0.00	0.00
109.80	21.70	20.30	21.00	20.50	40.30	1.90	0.00	0.00
109.90	21.70	20.30	21.00	20.50	40.30	1.90	0.00	0.00
110.00	21.80	20.10	20.90	20.60	39.90	1.80	0.00	0.00
110.10	21.80	20.10	20.90	20.60	40.70	1.90	0.00	0.00
110.20	21.80	20.10	20.90	20.60	40.70	1.90	0.00	0.00
110.30	21.80	20.10	20.90	20.60	40.10	1.60	0.00	0.00
110.40	21.90	20.40	21.20	20.60	40.10	1.60	0.00	0.00
110.50	21.90	20.40	21.20	20.60	39.90	1.60	0.00	0.00
110.60	21.80	20.10	21.00	20.50	39.90	1.60	0.00	0.00
110.70	21.80	20.10	21.00	20.50	39.90	1.60	0.00	0.00
110.80	21.80	20.30	21.10	20.40	38.30	2.40	0.00	0.00
110.90	21.80	20.30	21.10	20.40	38.30	2.40	0.00	0.00
111.00	21.80	20.30	21.10	20.40	39.60	2.10	0.00	0.00
111.10	21.70	20.10	21.00	20.50	39.60	2.10	0.00	0.00
111.20	21.70	20.10	21.00	20.50	39.80	1.30	0.00	0.00
111.30	21.70	20.10	21.00	20.50	40.10	2.60	0.00	0.00
111.40	21.70	20.30	21.10	20.60	40.10	2.60	0.00	0.00
111.50	21.70	20.30	21.10	20.60	39.80	1.60	0.00	0.00
111.60	21.70	20.20	21.10	20.50	39.80	1.60	0.00	0.00
111.70	21.70	20.20	21.10	20.50	40.10	-0.20	0.00	0.00
111.80	21.70	20.20	21.00	20.40	39.80	-0.50	0.00	0.00
111.90	21.70	20.20	21.00	20.40	39.80	-0.50	0.00	0.00
112.00	21.70	20.20	21.00	20.40	39.50	1.60	0.00	0.00
112.10	21.80	20.30	21.00	20.50	39.80	1.80	0.00	0.00
112.20	21.80	20.30	21.00	20.50	39.80	1.80	0.00	0.00
112.30	21.80	20.40	21.10	20.60	39.90	1.30	0.00	0.00
112.40	21.80	20.40	21.10	20.60	39.90	1.30	0.00	0.00
112.50	21.80	20.40	21.10	20.60	39.90	1.30	0.00	0.00
112.60	21.90	20.40	21.00	20.50	39.90	1.30	0.00	0.00
112.70	21.90	20.40	21.00	20.50	39.60	1.60	0.00	0.00
112.80	21.90	20.40	21.00	20.50	39.60	1.60	0.00	0.00
112.90	21.70	20.10	20.90	20.40	39.90	2.10	0.00	0.00
113.00	21.70	20.10	20.90	20.40	39.90	2.10	0.00	0.00
113.10	21.70	20.10	20.90	20.40	39.90	1.60	0.00	0.00
113.20	21.90	20.30	21.00	20.50	39.90	2.10	0.00	0.00
113.30	21.90	20.30	21.00	20.50	39.90	2.10	0.00	0.00
113.40	21.90	20.30	21.00	20.50	39.80	2.10	0.00	0.00
113.50	21.70	20.20	21.00	20.40	39.80	2.10	0.00	0.00
113.60	21.70	20.20	21.00	20.40	39.90	2.60	0.00	0.00
113.70	21.80	20.20	20.90	20.40	39.90	2.60	0.00	0.00
113.80	21.80	20.20	20.90	20.40	39.60	2.10	0.00	0.00
113.90	21.80	20.20	20.90	20.40	40.30	2.10	0.00	0.00
114.00	21.70	20.10	20.90	20.40	39.80	1.80	0.00	0.00
114.10	21.70	20.10	20.90	20.40	39.80	1.80	0.00	0.00
114.20	21.70	20.20	21.10	20.40	39.60	2.30	0.00	0.00
114.30	21.70	20.20	21.10	20.40	39.60	2.30	0.00	0.00
114.40	21.70	20.20	21.10	20.40	39.60	2.30	0.00	0.00
114.50	21.60	20.30	21.00	20.40	39.60	2.30	0.00	0.00
114.60	21.60	20.30	21.00	20.40	40.90	1.80	0.00	0.00
114.70	21.70	20.30	21.10	20.60	39.90	1.90	0.00	0.00
114.80	21.70	20.30	21.10	20.60	39.90	1.90	0.00	0.00
114.90	21.90	20.30	21.20	20.60	40.10	1.90	0.00	0.00
115.00	21.90	20.30	21.20	20.60	40.10	1.90	0.00	0.00
115.10	21.90	20.30	21.20	20.60	39.90	1.80	0.00	0.00
115.20	21.90	20.30	21.20	20.60	39.90	1.80	0.00	0.00
115.30	21.70	20.20	20.90	20.50	40.10	1.30	0.00	0.00
115.40	21.70	20.20	20.90	20.50	40.10	1.30	0.00	0.00
115.50	21.70	20.20	20.90	20.50	40.10	1.80	0.00	0.00
115.60	21.80	20.30	21.00	20.50	40.10	1.80	0.00	0.00
115.70	21.80	20.30	21.00	20.50	39.50	1.90	0.00	0.00
115.80	21.80	20.30	21.10	20.60	39.50	1.90	0.00	0.00
115.90	21.80	20.30	21.10	20.60	39.60	1.90	0.00	0.00
116.00	21.70	20.20	21.00	20.40	40.30	1.90	0.00	0.00
116.10	21.70	20.20	21.00	20.40	40.30	1.90	0.00	0.00
116.20	21.70	20.20	21.00	20.40	39.80	1.60	0.00	0.00
