Ambient Temperature(C): 21.0
Ambient Pressure(in Hg): 29.51
Time(s)	T1(Deg C)	Wall Temp(Deg C)	Top Plate(Deg C)	Bottom Plate(Deg C)	P1(PSI)	P2(PSI)	Mass Flowrate(g/min)	Heater Energy (kJ)

0.00	32.50	33.90	29.30	25.60	0.90	1.50	0.00	0.00
0.10	32.50	33.90	29.30	25.60	0.90	1.50	0.00	0.00
0.20	32.50	33.90	29.30	25.60	0.30	1.60	0.00	0.00
0.30	32.60	33.80	29.30	25.60	0.30	1.60	0.00	0.00
0.40	32.60	33.80	29.30	25.60	0.90	-0.20	0.00	0.00
0.50	32.60	34.00	29.30	25.60	0.90	-0.20	0.00	0.00
0.60	32.60	34.00	29.30	25.60	0.90	-0.20	0.00	0.00
0.70	32.60	33.80	29.30	25.50	0.70	2.10	0.00	0.00
0.80	32.60	33.80	29.30	25.50	0.70	1.80	0.00	0.00
0.90	32.60	33.70	29.30	25.50	0.60	1.50	0.00	0.00
1.00	32.60	33.70	29.30	25.50	0.60	1.50	0.00	0.00
1.10	32.60	33.80	29.30	25.40	0.40	1.50	0.00	0.00
1.20	32.60	33.80	29.30	25.40	0.40	1.50	0.00	0.00
1.30	32.60	33.80	29.30	25.40	0.40	1.50	0.00	0.00
1.40	32.60	33.80	29.30	25.50	0.90	2.10	0.00	0.00
1.50	32.60	33.80	29.30	25.50	0.70	1.60	0.00	0.00
1.60	32.60	33.70	29.20	25.50	0.90	2.10	0.00	0.00
1.70	32.60	33.70	29.20	25.50	0.90	2.10	0.00	0.00
1.80	32.60	33.70	29.20	25.50	0.40	1.30	0.00	0.00
1.90	32.70	33.80	29.40	25.70	0.70	2.10	0.00	0.00
2.00	32.70	33.80	29.40	25.70	0.70	2.10	0.00	0.00
2.10	32.70	33.80	29.40	25.70	0.70	2.10	0.00	0.00
2.20	32.70	33.80	29.30	25.50	0.70	2.10	0.00	0.00
2.30	32.70	33.80	29.30	25.50	0.60	2.10	0.00	0.00
2.40	32.80	33.90	29.40	25.60	0.60	1.90	0.00	0.00
2.50	32.80	33.90	29.40	25.60	0.60	1.90	0.00	0.00
2.60	32.70	33.80	29.40	25.60	0.70	2.40	0.00	0.00
2.70	32.70	33.80	29.40	25.60	0.70	1.80	0.00	0.00
2.80	32.70	33.80	29.40	25.60	0.40	2.10	0.00	0.00
2.90	32.80	33.90	29.50	25.70	0.40	2.10	0.00	0.00
3.00	32.80	33.90	29.50	25.70	0.70	2.70	0.00	0.00
3.10	32.70	33.80	29.40	25.50	0.60	1.90	0.00	0.00
3.20	32.70	33.80	29.40	25.50	0.60	1.90	0.00	0.00
3.30	32.70	33.80	29.40	25.50	0.40	1.60	0.00	0.00
3.40	32.80	33.70	29.30	25.60	0.40	1.60	0.00	0.00
3.50	32.80	33.70	29.30	25.60	1.20	1.60	0.00	0.00
3.60	32.80	33.80	29.40	25.50	0.30	2.30	0.00	0.00
3.70	32.80	33.80	29.40	25.50	0.30	2.30	0.00	0.00
3.80	32.80	33.80	29.40	25.50	0.30	2.30	0.00	0.00
3.90	32.80	33.80	29.40	25.60	0.40	1.80	0.00	0.00
4.00	32.80	33.80	29.40	25.60	0.40	1.80	0.00	0.00
4.10	32.90	33.80	29.30	25.50	0.70	1.60	0.00	0.00
4.20	32.90	33.80	29.30	25.50	0.60	1.90	0.00	0.00
4.30	32.90	33.80	29.30	25.50	0.60	1.90	0.00	0.00
4.40	32.90	33.80	29.30	25.50	0.90	1.80	0.00	0.00
4.50	32.90	33.80	29.30	25.50	0.90	1.80	0.00	0.00
4.60	31.90	33.70	29.30	25.60	3.50	2.70	0.00	0.00
4.70	31.90	33.70	29.30	25.60	3.20	2.40	0.00	0.00
4.80	33.10	33.90	29.30	25.60	3.00	2.70	0.00	0.00
4.90	33.10	33.90	29.30	25.60	3.00	2.70	0.00	0.00
5.00	33.50	33.90	29.40	25.70	3.50	2.90	0.00	0.00
5.10	33.50	33.90	29.40	25.70	2.90	2.40	0.00	0.00
5.20	33.50	33.90	29.40	25.70	2.90	2.40	0.00	0.00
5.30	33.60	33.70	29.30	25.50	2.90	2.30	0.00	0.00
5.40	33.60	33.70	29.30	25.50	2.90	2.30	0.00	0.00
5.50	33.60	33.70	29.30	25.50	2.90	2.30	0.00	0.00
5.60	33.90	33.80	29.30	25.60	3.20	2.70	0.00	0.00
5.70	33.90	33.80	29.30	25.60	3.20	2.70	0.00	0.00
5.80	33.90	33.80	29.40	25.60	2.90	3.00	0.00	0.00
5.90	33.90	33.80	29.40	25.60	3.20	2.90	0.00	0.00
6.00	33.80	33.80	29.30	25.50	3.20	2.90	0.00	0.00
6.10	33.80	33.80	29.30	25.50	3.00	3.00	0.00	0.00
6.20	33.80	33.80	29.30	25.50	3.00	2.10	0.00	0.00
6.30	33.90	33.70	29.20	25.40	3.00	2.10	0.00	0.00
6.40	33.90	33.70	29.20	25.40	3.00	3.00	0.00	0.00
6.50	33.70	33.80	29.40	25.60	3.00	3.00	0.00	0.00
6.60	33.70	33.80	29.40	25.60	3.20	2.10	0.00	0.00
6.70	33.70	33.70	29.30	25.40	3.00	2.60	0.00	0.00
6.80	33.70	33.70	29.30	25.40	2.60	2.90	0.00	0.00
6.90	33.70	33.70	29.30	25.40	2.60	2.90	0.00	0.00
7.00	33.70	33.80	29.40	25.60	2.90	3.00	0.00	0.00
7.10	33.70	33.80	29.40	25.60	2.90	3.00	0.00	0.00
7.20	33.70	33.80	29.40	25.60	2.90	3.00	0.00	0.00
7.30	33.50	33.70	29.30	25.60	3.00	2.70	0.00	0.00
7.40	33.50	33.70	29.30	25.60	3.00	2.70	0.00	0.00
7.50	33.50	33.70	29.30	25.60	2.60	2.40	0.00	0.00
7.60	33.60	33.80	29.40	25.60	2.90	2.60	0.00	0.00
7.70	33.60	33.80	29.40	25.60	2.90	2.60	0.00	0.00
7.80	33.60	33.80	29.40	25.70	2.90	3.00	24.46	0.00
7.90	33.60	33.80	29.40	25.70	2.90	3.00	29.29	0.00
8.00	33.40	33.70	29.40	25.60	3.50	2.40	35.82	0.00
8.10	33.40	33.70	29.40	25.60	3.50	2.10	54.22	0.00
8.20	33.40	33.70	29.40	25.60	3.50	2.10	18.15	0.00
8.30	33.60	33.80	29.40	25.60	3.90	2.40	57.63	0.00
8.40	33.60	33.80	29.40	25.60	3.80	2.40	14.72	0.00
8.50	33.60	33.80	29.40	25.60	3.80	2.40	59.25	0.00
8.60	33.60	33.70	29.30	25.50	4.10	2.90	14.30	0.00
8.70	33.60	33.70	29.30	25.50	4.10	2.90	28.45	0.00
8.80	34.00	33.80	29.40	25.50	3.90	2.60	40.27	0.00
8.90	34.00	33.80	29.40	25.50	3.90	2.60	51.86	0.00
9.00	34.00	33.60	29.20	25.50	3.90	2.60	27.39	0.00
9.10	34.00	33.60	29.20	25.50	4.30	2.70	34.67	0.00
9.20	34.20	33.70	29.30	25.60	4.60	3.00	18.36	0.00
9.30	34.20	33.70	29.30	25.60	4.60	3.00	25.40	0.00
9.40	34.20	33.70	29.30	25.60	5.30	2.30	47.74	0.00
9.50	34.30	33.70	29.20	25.50	5.30	2.30	57.34	0.00
9.60	34.30	33.70	29.20	25.50	5.00	2.70	21.55	0.00
9.70	34.50	33.70	29.40	25.50	5.00	2.70	27.03	0.00
9.80	34.50	33.70	29.40	25.50	5.00	2.70	43.17	0.00
9.90	34.80	33.80	29.40	25.60	5.50	2.30	27.28	0.00
10.00	34.80	33.80	29.40	25.60	5.80	2.60	29.68	0.00
10.10	34.80	33.80	29.40	25.60	5.50	2.60	51.39	0.00
10.20	34.70	33.70	29.20	25.50	5.50	2.60	59.70	0.00
10.30	34.70	33.70	29.20	25.50	6.10	2.90	31.77	0.00
10.40	34.70	33.70	29.20	25.50	6.10	2.90	27.88	0.00
10.50	34.90	33.70	29.30	25.60	6.10	2.40	54.89	0.00
10.60	34.90	33.70	29.30	25.60	6.10	2.40	38.80	0.00
10.70	34.90	33.60	29.30	25.50	6.10	2.40	21.50	0.00
10.80	34.90	33.60	29.30	25.50	6.10	2.60	23.86	0.00
10.90	34.90	33.60	29.30	25.50	6.40	2.60	33.85	0.00
11.00	35.10	33.70	29.30	25.50	6.70	3.20	46.58	0.00
11.10	35.10	33.70	29.30	25.50	6.70	3.20	39.75	0.00
11.20	35.10	33.70	29.30	25.50	6.90	2.30	38.89	0.00
11.30	35.20	33.70	29.30	25.60	6.90	2.30	26.81	0.00
11.40	35.20	33.70	29.30	25.60	7.00	2.10	28.03	0.00
11.50	35.30	33.70	29.30	25.50	7.20	2.70	39.96	0.00
11.60	35.30	33.70	29.30	25.50	7.20	2.70	44.61	0.00
11.70	35.30	33.80	29.40	25.60	7.60	2.30	45.52	0.00
11.80	35.30	33.80	29.40	25.60	7.60	2.30	55.97	0.00
11.90	35.40	33.60	29.20	25.40	7.60	2.40	49.03	0.00
12.00	35.40	33.60	29.20	25.40	7.20	2.90	20.36	0.00
12.10	35.40	33.60	29.20	25.40	7.60	2.70	22.85	0.00
12.20	35.70	33.90	29.40	25.60	7.60	2.70	27.22	0.00
12.30	35.70	33.90	29.40	25.60	7.60	2.70	32.44	0.00
12.40	35.70	33.90	29.40	25.60	7.60	2.70	32.55	0.00
12.50	35.90	33.70	29.40	25.60	8.10	2.40	43.29	0.00
12.60	35.90	33.70	29.40	25.60	8.40	2.70	52.36	0.00
12.70	35.90	33.70	29.40	25.60	8.40	2.70	29.65	0.00
12.80	35.80	33.70	29.30	25.50	8.10	2.70	56.20	0.00
12.90	35.80	33.70	29.30	25.50	8.40	2.60	55.78	0.00
13.00	35.80	33.70	29.30	25.50	8.90	2.70	38.81	0.00
13.10	35.90	33.60	29.30	25.60	8.90	2.70	38.74	0.00
13.20	35.90	33.60	29.30	25.60	8.90	2.40	11.34	0.00
13.30	36.00	33.70	29.30	25.60	8.90	2.40	32.49	0.00
13.40	36.00	33.70	29.30	25.60	9.00	2.40	31.62	0.00
13.50	36.00	33.70	29.30	25.60	9.20	2.30	31.06	0.00
13.60	36.10	33.60	29.30	25.60	9.20	2.30	39.44	0.00
13.70	36.10	33.60	29.30	25.60	9.50	2.30	34.55	0.00
13.80	36.00	33.60	29.30	25.60	9.50	2.40	29.48	0.00
13.90	36.00	33.60	29.30	25.60	9.50	2.40	26.38	0.00
14.00	36.00	33.60	29.30	25.60	9.50	2.40	23.57	0.00
14.10	36.10	33.60	29.30	25.50	9.60	2.30	24.69	0.00
14.20	36.10	33.60	29.30	25.50	9.60	2.30	25.48	0.00
14.30	36.30	33.60	29.30	25.50	9.60	2.70	34.98	0.00
14.40	36.30	33.60	29.30	25.50	10.30	2.70	32.17	0.00
14.50	36.30	33.60	29.30	25.50	10.30	2.70	40.56	0.00
14.60	36.30	33.60	29.30	25.50	10.30	3.50	53.50	0.00
14.70	36.30	33.60	29.30	25.50	10.30	3.50	36.46	0.00
14.80	36.30	33.60	29.30	25.50	9.80	2.60	43.30	0.00
14.90	36.20	33.70	29.30	25.50	10.90	2.60	29.03	0.00
15.00	36.20	33.70	29.30	25.50	10.90	2.60	45.41	0.00
15.10	36.30	33.70	29.30	25.60	10.90	2.40	30.78	0.00
15.20	36.30	33.70	29.30	25.60	10.90	2.70	29.14	0.00
15.30	36.30	33.70	29.30	25.60	10.90	2.70	25.41	0.00
15.40	36.50	33.70	29.40	25.60	11.80	2.60	22.47	0.00
15.50	36.50	33.70	29.40	25.60	11.20	2.70	21.96	0.00
15.60	36.50	33.70	29.40	25.60	11.20	2.70	34.21	0.00
15.70	36.40	33.80	29.30	25.60	11.20	2.70	50.73	0.00
15.80	36.40	33.80	29.30	25.60	11.80	2.40	41.06	0.00
15.90	36.40	33.80	29.30	25.60	11.30	2.40	55.99	0.00
16.00	36.60	33.80	29.40	25.50	11.30	2.40	24.77	0.00
16.10	36.60	33.80	29.40	25.50	12.10	2.70	32.47	0.00
16.20	36.40	33.70	29.40	25.50	11.80	2.30	48.17	0.00
16.30	36.40	33.70	29.40	25.50	11.80	2.30	41.55	0.00
16.40	36.40	33.70	29.40	25.50	12.40	2.70	33.90	0.00
16.50	36.60	33.70	29.30	25.60	12.30	2.60	26.07	0.00
16.60	36.60	33.70	29.30	25.60	12.30	2.60	23.41	0.00
16.70	36.70	33.70	29.40	25.60	12.60	2.40	22.56	0.00
16.80	36.70	33.70	29.40	25.60	12.60	2.40	27.36	0.00
16.90	36.70	33.70	29.40	25.60	12.60	2.30	41.56	0.00
17.00	36.80	33.80	29.40	25.60	12.70	2.40	43.23	0.00
17.10	36.80	33.80	29.40	25.60	12.70	2.40	59.51	0.00
17.20	36.80	33.80	29.40	25.60	13.20	2.60	47.22	0.00
17.30	36.80	33.70	29.30	25.50	13.20	2.60	51.30	0.00
17.40	36.80	33.70	29.30	25.50	13.20	2.60	31.53	0.00
17.50	36.70	33.70	29.30	25.50	13.20	2.60	35.66	0.00
17.60	36.70	33.70	29.30	25.50	13.30	2.30	27.72	0.00
17.70	36.70	33.70	29.40	25.70	13.30	2.70	23.66	0.00
17.80	36.70	33.70	29.40	25.70	13.30	2.70	25.97	0.00
17.90	36.70	33.70	29.40	25.70	13.60	2.40	19.20	0.00
18.00	36.80	33.60	29.30	25.50	13.60	2.70	22.60	0.00
18.10	36.80	33.60	29.30	25.50	13.60	2.70	16.79	0.00
18.20	36.80	33.60	29.30	25.50	14.10	2.70	28.01	0.00
18.30	36.90	33.70	29.20	25.50	14.10	2.70	26.63	0.00
18.40	36.90	33.70	29.20	25.50	14.30	2.60	51.29	0.00
18.50	36.90	33.80	29.30	25.60	14.40	2.40	11.92	0.00
18.60	36.90	33.80	29.30	25.60	14.40	2.40	44.46	0.00
18.70	36.90	33.80	29.30	25.60	14.40	2.60	46.65	0.00
18.80	37.00	33.60	29.30	25.50	14.40	2.70	47.67	0.00
18.90	37.00	33.60	29.30	25.50	14.40	2.70	5.60	0.00
19.00	37.00	33.60	29.30	25.50	14.60	2.70	26.33	0.00
19.10	36.90	33.70	29.30	25.60	14.60	2.70	23.09	0.00
19.20	36.90	33.70	29.30	25.60	14.60	2.70	38.33	0.00
19.30	36.90	33.70	29.30	25.60	14.90	2.40	45.54	0.00
19.40	37.10	33.60	29.30	25.60	15.00	2.70	20.87	0.00
19.50	37.10	33.60	29.30	25.60	15.00	2.70	20.28	0.00
19.60	37.10	33.60	29.30	25.60	15.20	2.40	54.83	0.00
19.70	37.10	33.60	29.30	25.60	15.20	2.40	25.34	0.00
19.80	37.10	33.60	29.30	25.60	15.80	1.60	35.97	0.00
19.90	37.00	33.70	29.30	25.50	15.50	3.00	34.28	0.00
20.00	37.00	33.70	29.30	25.50	15.50	3.00	27.60	0.00
20.10	37.00	33.70	29.30	25.50	15.60	2.60	46.01	0.00
20.20	37.20	33.80	29.40	25.60	15.60	2.60	35.39	0.00
20.30	37.20	33.80	29.40	25.60	16.30	2.60	28.45	0.00
20.40	37.20	33.80	29.40	25.60	16.40	2.60	27.67	0.00
20.50	37.00	33.70	29.30	25.50	16.40	2.60	35.77	0.00
20.60	37.00	33.70	29.30	25.50	16.10	2.60	23.74	0.00
20.70	37.20	33.70	29.40	25.50	16.40	2.30	21.56	0.00
20.80	37.20	33.70	29.40	25.50	16.40	2.30	19.37	0.00
20.90	37.20	33.60	29.30	25.50	16.40	2.30	37.95	0.00
21.00	37.20	33.60	29.30	25.50	16.70	2.70	28.49	0.00
21.10	37.20	33.60	29.30	25.50	16.70	2.70	24.04	0.00
21.20	37.20	33.60	29.30	25.50	16.90	2.10	21.96	0.00
21.30	37.20	33.60	29.20	25.50	16.90	2.10	22.56	0.00
21.40	37.20	33.60	29.20	25.50	16.90	2.70	20.29	0.00
21.50	37.20	33.60	29.30	25.60	17.60	2.60	33.83	0.00
21.60	37.20	33.60	29.30	25.60	17.60	2.60	34.21	0.00
21.70	37.20	33.70	29.20	25.50	17.50	2.30	53.52	0.00
21.80	37.20	33.70	29.20	25.50	17.50	2.30	50.40	0.00
21.90	37.20	33.70	29.20	25.50	17.80	2.40	43.75	0.00
22.00	37.20	33.70	29.30	25.60	17.50	2.60	38.48	0.00
22.10	37.20	33.70	29.30	25.60	17.50	2.90	38.88	0.00
22.20	37.20	33.70	29.40	25.70	17.50	2.90	34.86	0.00
22.30	37.20	33.70	29.40	25.70	18.10	2.90	28.32	0.00
22.40	37.20	33.70	29.40	25.70	18.10	2.90	18.04	0.00
22.50	37.50	33.70	29.40	25.70	18.10	2.40	17.95	0.00
22.60	37.50	33.70	29.40	25.70	18.10	2.40	20.36	0.00
22.70	37.50	33.70	29.40	25.70	18.10	2.40	20.84	0.00
22.80	37.30	33.60	29.20	25.60	18.10	1.80	35.57	0.00
22.90	37.30	33.60	29.20	25.60	18.10	1.80	43.32	0.00
23.00	37.30	33.60	29.10	25.50	18.70	1.90	22.13	0.00
23.10	37.30	33.60	29.10	25.50	19.00	1.90	37.14	0.00
23.20	37.30	33.60	29.10	25.50	19.00	1.90	48.53	0.00
23.30	37.40	33.70	29.30	25.50	18.90	2.60	27.18	0.00
23.40	37.40	33.70	29.30	25.50	19.20	3.50	49.59	0.00
23.50	37.40	33.70	29.30	25.50	18.70	2.60	41.26	0.00
23.60	37.50	33.60	29.30	25.60	18.70	2.60	31.34	0.00
23.70	37.50	33.60	29.30	25.60	19.50	2.70	41.06	0.00
23.80	37.50	33.70	29.40	25.50	18.90	2.60	53.03	0.00
23.90	37.50	33.70	29.40	25.50	18.90	2.60	42.00	0.00
24.00	37.50	33.80	29.30	25.60	19.60	2.40	25.54	0.00
24.10	37.50	33.80	29.30	25.60	19.60	2.40	20.51	0.00
24.20	37.50	33.80	29.30	25.60	19.90	2.40	28.11	0.00
24.30	37.60	33.70	29.30	25.60	19.90	2.40	30.76	0.00
24.40	37.60	33.70	29.30	25.60	19.90	2.40	41.31	0.00
24.50	37.60	33.70	29.30	25.60	20.30	2.60	15.42	0.00
24.60	37.70	33.70	29.30	25.40	20.30	2.60	38.59	0.00
24.70	37.70	33.70	29.30	25.40	20.70	3.20	53.72	0.00
24.80	37.50	33.70	29.30	25.60	20.70	3.20	28.75	0.00
24.90	37.50	33.70	29.30	25.60	19.90	2.60	18.98	0.00
25.00	37.50	33.60	29.30	25.50	20.70	2.40	30.42	0.00
25.10	37.50	33.60	29.30	25.50	20.70	2.40	30.64	0.00
25.20	37.50	33.60	29.30	25.50	20.40	2.30	22.82	0.00
25.30	37.50	33.60	29.30	25.50	20.40	2.30	17.35	0.00
25.40	37.60	33.60	29.30	25.60	21.20	3.80	19.11	0.00
25.50	37.60	33.60	29.30	25.60	20.70	2.70	32.37	0.00
25.60	37.60	33.60	29.30	25.60	21.30	2.10	47.95	0.00
25.70	37.40	33.60	29.20	25.50	21.30	2.10	50.46	0.00
25.80	37.40	33.60	29.20	25.50	21.80	2.40	37.77	0.00
25.90	37.70	33.70	29.50	25.60	21.00	2.40	45.88	0.00
26.00	37.70	33.70	29.50	25.60	21.00	2.40	3.78	0.00
26.10	37.60	33.60	29.40	25.40	21.00	2.40	16.61	0.00
26.20	37.60	33.60	29.40	25.40	21.00	2.40	30.31	0.00
26.30	37.60	33.60	29.40	25.40	21.60	2.40	19.36	0.00
26.40	37.60	33.50	29.20	25.40	21.60	2.40	25.82	0.00
26.50	37.60	33.50	29.20	25.40	21.90	2.60	22.06	0.00
26.60	37.60	33.60	29.40	25.50	21.80	2.30	20.71	0.00
26.70	37.60	33.60	29.40	25.50	21.80	2.30	56.43	0.00
26.80	37.60	33.60	29.40	25.50	22.10	2.30	22.05	0.00
26.90	37.70	33.60	29.20	25.40	22.10	2.70	23.15	0.00
27.00	37.70	33.60	29.20	25.40	22.10	2.70	45.57	0.00
27.10	37.60	33.50	29.30	25.50	22.30	2.40	43.77	0.00
27.20	37.60	33.50	29.30	25.50	22.30	2.40	46.39	0.00
27.30	37.60	33.50	29.30	25.50	22.70	2.30	36.81	0.00
27.40	37.60	33.60	29.30	25.50	22.90	2.60	25.03	0.00
27.50	37.60	33.60	29.30	25.50	22.90	2.60	22.90	0.00
27.60	37.70	33.60	29.20	25.40	22.70	2.60	25.93	0.00
27.70	37.70	33.60	29.20	25.40	22.70	2.60	35.93	0.00
27.80	37.70	33.60	29.20	25.40	23.30	3.60	36.08	0.00
27.90	37.60	33.50	29.30	25.50	23.30	3.60	34.02	0.00
28.00	37.60	33.50	29.30	25.50	23.30	3.60	46.02	0.00
28.10	37.60	33.40	29.10	25.30	23.50	2.60	30.74	0.00
28.20	37.60	33.40	29.10	25.30	23.50	2.60	37.89	0.00
28.30	37.60	33.40	29.10	25.30	23.20	2.40	27.93	0.00
28.40	37.60	33.50	29.10	25.40	23.20	2.40	20.46	0.00
28.50	37.60	33.50	29.10	25.40	23.90	2.30	21.24	0.00
28.60	37.70	33.70	29.30	25.50	23.50	2.60	40.36	0.00
28.70	37.70	33.70	29.30	25.50	23.50	2.60	38.31	0.00
28.80	37.70	33.70	29.30	25.50	24.10	2.60	50.70	0.00
28.90	37.80	33.70	29.40	25.70	23.80	2.40	49.27	0.00
29.00	37.80	33.70	29.40	25.70	23.80	2.40	32.97	0.00
29.10	37.80	33.60	29.40	25.60	24.10	2.70	22.05	0.00
29.20	37.80	33.60	29.40	25.60	24.10	2.70	16.54	0.00
29.30	37.80	33.60	29.40	25.60	24.30	2.10	20.73	0.00
29.40	37.70	33.50	29.30	25.50	22.30	2.90	30.14	0.00
29.50	37.70	33.50	29.30	25.50	22.30	2.90	21.80	0.00
29.60	37.70	33.50	29.30	25.50	24.70	2.90	53.01	0.00
29.70	37.90	33.70	29.40	25.70	24.70	2.90	43.55	0.00
29.80	37.90	33.70	29.40	25.70	24.70	2.90	29.79	0.00
29.90	37.80	33.60	29.30	25.40	24.90	2.10	35.53	0.00
30.00	37.80	33.60	29.30	25.40	24.90	2.10	38.15	0.00
30.10	37.80	33.60	29.30	25.40	25.20	2.90	29.61	0.00
30.20	37.80	33.60	29.30	25.40	25.20	2.90	44.42	0.00
30.30	37.90	33.60	29.20	25.50	25.30	2.70	42.99	0.00
30.40	37.90	33.60	29.20	25.50	25.30	2.70	45.36	0.00
30.50	37.90	33.60	29.30	25.50	25.60	2.10	42.40	0.00
30.60	37.90	33.60	29.30	25.50	25.80	1.80	23.06	0.00
30.70	37.80	33.50	29.20	25.60	25.80	1.80	41.96	0.00
30.80	37.80	33.50	29.20	25.60	25.80	2.40	50.66	0.00
30.90	37.90	33.60	29.40	25.50	25.60	2.70	50.47	0.00
31.00	37.90	33.60	29.40	25.50	25.60	2.70	36.36	0.00
31.10	37.90	33.60	29.40	25.50	26.10	2.40	27.98	0.00
31.20	37.90	33.60	29.30	25.40	26.10	2.40	45.67	0.00
31.30	37.90	33.60	29.30	25.40	26.10	2.40	28.74	0.00
31.40	37.90	33.60	29.30	25.40	26.30	2.40	44.52	0.00
31.50	37.90	33.60	29.20	25.50	26.30	2.40	30.51	0.00
31.60	37.90	33.60	29.20	25.50	26.30	2.40	50.49	0.00
31.70	37.90	33.80	29.40	25.70	26.40	2.30	15.59	0.00
31.80	37.90	33.80	29.40	25.70	26.40	2.30	56.00	0.00
31.90	37.90	33.80	29.40	25.70	26.60	2.60	31.01	0.00
32.00	37.90	33.50	29.20	25.40	26.90	2.40	34.38	0.00
32.10	37.90	33.50	29.20	25.40	26.90	2.40	40.49	0.00
32.20	37.90	33.50	29.20	25.40	26.90	2.40	49.31	0.00
32.30	37.90	33.70	29.30	25.60	26.70	2.70	31.46	0.00
32.40	37.90	33.70	29.30	25.60	27.50	2.70	25.95	0.00
32.50	38.00	33.70	29.30	25.70	27.50	2.70	27.53	0.00
32.60	38.00	33.70	29.30	25.70	27.30	2.70	23.74	0.00
32.70	37.80	33.60	29.30	25.60	27.60	2.90	30.36	0.00
32.80	37.80	33.60	29.30	25.60	27.60	2.90	26.31	0.00
32.90	37.80	33.60	29.30	25.60	27.60	2.30	25.12	0.00
33.00	37.90	33.70	29.50	25.60	27.60	2.60	52.26	0.00
33.10	37.90	33.70	29.50	25.60	27.60	2.60	19.95	0.00
33.20	37.90	33.70	29.50	25.60	27.60	2.60	26.49	0.00
33.30	37.90	33.60	29.10	25.40	27.90	2.90	21.48	0.00
33.40	37.90	33.60	29.10	25.40	27.90	2.90	37.24	0.00
33.50	38.10	33.60	29.30	25.60	27.90	2.90	51.98	0.00
33.60	38.10	33.60	29.30	25.60	28.40	2.40	43.82	0.00
33.70	38.10	33.60	29.30	25.60	28.40	2.40	27.26	0.00
33.80	37.90	33.50	29.20	25.50	28.60	2.70	41.98	0.00
33.90	37.90	33.50	29.20	25.50	28.90	2.30	26.40	0.00
34.00	37.90	33.50	29.20	25.50	28.90	2.30	18.67	0.00
34.10	37.90	33.60	29.30	25.50	29.00	2.10	33.61	0.00
34.20	37.90	33.60	29.30	25.50	29.00	2.10	29.85	0.00
34.30	37.90	33.60	29.30	25.50	29.30	2.60	51.09	0.00
34.40	38.10	33.50	29.30	25.50	29.20	2.70	36.24	0.00
34.50	38.10	33.50	29.30	25.50	29.20	2.70	20.91	0.00
34.60	38.00	33.60	29.20	25.50	29.20	2.40	48.01	0.00
34.70	38.00	33.60	29.20	25.50	29.20	2.40	35.43	0.00
34.80	38.00	33.60	29.20	25.50	29.30	2.60	31.26	0.00
34.90	38.00	33.70	29.30	25.60	29.80	1.60	45.39	0.00
35.00	38.00	33.70	29.30	25.60	29.80	1.60	42.26	0.00
35.10	38.00	33.70	29.30	25.60	29.90	2.70	39.33	0.00
35.20	38.00	33.60	29.30	25.50	29.90	2.70	34.70	0.00
35.30	38.00	33.60	29.30	25.50	29.90	2.70	37.99	0.00
35.40	38.00	33.60	29.30	25.50	29.90	2.70	4.78	0.00
35.50	37.90	33.50	29.30	25.60	30.40	2.40	18.42	0.00
35.60	37.90	33.50	29.30	25.60	30.40	2.60	34.63	0.00
35.70	37.90	33.50	29.30	25.60	30.40	2.60	25.62	0.00
35.80	38.00	33.60	29.30	25.60	30.30	2.10	15.45	0.00
35.90	38.00	33.60	29.30	25.60	30.70	1.90	50.33	0.00
36.00	37.90	33.60	29.30	25.50	30.70	1.90	36.01	0.00
36.10	37.90	33.60	29.30	25.50	31.00	2.40	28.71	0.00
36.20	37.90	33.60	29.30	25.50	31.00	2.40	32.32	0.00
36.30	38.00	33.60	29.30	25.50	31.00	2.70	18.85	0.00
36.40	38.00	33.60	29.30	25.50	29.20	2.90	39.82	0.00
36.50	38.00	33.60	29.30	25.50	29.20	2.90	28.40	0.00
36.60	38.00	33.60	29.30	25.60	29.60	2.90	40.33	0.00
36.70	38.00	33.60	29.30	25.60	31.30	2.70	29.36	0.00
36.80	38.00	33.60	29.30	25.60	31.30	2.70	52.16	0.00
36.90	38.00	33.60	29.50	25.60	31.50	1.80	29.97	0.00
37.00	38.00	33.60	29.50	25.60	31.50	1.80	20.12	0.00
37.10	38.00	33.60	29.50	25.60	31.50	1.80	48.56	0.00
37.20	38.00	33.60	29.30	25.40	31.90	2.60	51.29	0.00
37.30	38.00	33.60	29.30	25.40	31.90	2.60	30.16	0.00
37.40	38.00	33.60	29.30	25.40	32.10	3.00	52.52	0.00
37.50	38.00	33.60	29.20	25.50	32.10	3.00	33.25	0.00
37.60	38.00	33.60	29.20	25.50	31.80	2.10	34.54	0.00
37.70	38.20	33.60	29.40	25.70	32.10	2.60	51.46	0.00
37.80	38.20	33.60	29.40	25.70	32.10	2.60	24.40	0.00
37.90	38.20	33.60	29.40	25.70	32.10	2.40	56.70	0.00
38.00	37.90	33.50	29.30	25.50	32.10	2.40	52.10	0.00
38.10	37.90	33.50	29.30	25.50	32.40	2.70	37.06	0.00
38.20	38.00	33.60	29.30	25.60	32.40	2.70	43.80	0.00
38.30	38.00	33.60	29.30	25.60	32.70	3.00	28.19	0.00
38.40	38.00	33.60	29.30	25.60	32.70	3.00	34.29	0.00
38.50	38.20	33.60	29.30	25.70	32.70	2.60	22.64	0.00
38.60	38.20	33.60	29.30	25.70	32.70	2.40	38.53	0.00
38.70	38.10	33.70	29.30	25.60	32.70	2.40	42.34	0.00
38.80	38.10	33.70	29.30	25.60	33.30	2.70	50.38	0.00
38.90	38.10	33.50	29.20	25.50	33.30	2.70	32.76	0.00
39.00	38.10	33.50	29.20	25.50	33.30	2.70	17.42	0.00
39.10	38.10	33.60	29.20	25.50	33.00	2.60	34.99	0.00
39.20	38.10	33.60	29.20	25.50	33.50	2.90	46.39	0.00
39.30	38.10	33.60	29.20	25.50	33.50	2.90	46.79	0.00
39.40	38.20	33.50	29.30	25.50	33.90	2.30	40.17	0.00
39.50	38.20	33.50	29.30	25.50	33.90	2.30	38.63	0.00
39.60	38.20	33.50	29.30	25.50	34.10	2.60	46.87	0.00
39.70	38.00	33.60	29.30	25.50	33.90	2.30	27.39	0.00
39.80	38.00	33.60	29.30	25.50	33.90	2.30	49.54	0.00
39.90	38.00	33.50	29.30	25.50	34.10	2.70	46.89	0.00
40.00	38.00	33.50	29.30	25.50	34.10	2.70	53.28	0.00
40.10	38.00	33.50	29.30	25.50	34.10	2.30	50.17	0.00
40.20	38.10	33.40	29.40	25.60	34.10	2.30	45.32	0.00
40.30	38.10	33.40	29.40	25.60	34.10	2.10	29.68	0.00
40.40	38.10	33.40	29.40	25.60	34.60	1.80	46.87	0.00
40.50	37.80	33.30	29.20	25.30	34.70	2.60	26.83	0.00
40.60	37.80	33.30	29.20	25.30	34.70	2.60	30.16	0.00
40.70	37.90	33.50	29.20	25.60	34.70	2.60	18.87	0.00
40.80	37.90	33.50	29.20	25.60	34.70	2.60	45.71	0.00
40.90	38.00	33.50	29.20	25.60	34.90	2.90	43.04	0.00
41.00	38.00	33.50	29.20	25.60	34.90	2.90	24.52	0.00
41.10	38.00	33.50	29.20	25.60	35.00	2.40	25.49	0.00
41.20	37.90	33.30	29.20	25.40	35.20	2.40	21.39	0.00
41.30	37.90	33.30	29.20	25.40	35.20	2.40	20.59	0.00
41.40	38.10	33.60	29.30	25.60	35.20	2.30	18.71	0.00
41.50	38.10	33.60	29.30	25.60	35.20	2.30	15.23	0.00
41.60	38.10	33.60	29.30	25.60	35.50	2.10	28.48	0.00
41.70	38.00	33.60	29.50	25.50	35.30	2.60	30.97	0.00
41.80	38.00	33.60	29.50	25.50	35.30	2.60	54.10	0.00
41.90	38.20	33.50	29.30	25.60	35.80	2.90	32.38	0.00
42.00	38.20	33.50	29.30	25.60	35.80	2.90	28.07	0.00
42.10	38.20	33.50	29.30	25.60	36.10	2.40	41.00	0.00
42.20	38.10	33.50	29.30	25.50	36.10	2.40	21.00	0.00
42.30	38.10	33.50	29.30	25.50	36.30	2.30	26.76	0.00
42.40	38.10	33.50	29.30	25.50	35.90	2.40	15.84	0.00
42.50	38.10	33.40	29.20	25.50	35.90	2.40	32.22	0.00
42.60	38.10	33.40	29.20	25.50	35.90	2.40	40.69	0.00
42.70	38.00	33.50	29.40	25.60	35.90	2.40	37.08	0.00
42.80	38.00	33.50	29.40	25.60	36.40	2.40	18.29	0.00
42.90	38.10	33.50	29.30	25.50	36.90	2.60	22.42	0.00
43.00	38.10	33.50	29.30	25.50	36.90	2.60	54.06	0.00
43.10	38.10	33.50	29.30	25.50	36.70	2.60	40.35	0.00
43.20	38.20	33.60	29.40	25.60	37.20	2.40	19.88	0.00
43.30	38.20	33.60	29.40	25.60	37.20	2.40	17.50	0.00
43.40	38.10	33.50	29.30	25.50	37.30	2.60	28.96	0.00
43.50	38.10	33.50	29.30	25.50	36.90	2.10	25.42	0.00
43.60	38.10	33.50	29.30	25.50	36.90	2.10	55.45	0.00
43.70	37.90	33.50	29.20	25.50	37.50	2.40	27.85	0.00
43.80	37.90	33.50	29.20	25.50	37.30	2.70	23.94	0.00
43.90	37.90	33.50	29.20	25.50	37.30	2.70	41.78	0.00
44.00	38.10	33.50	29.30	25.50	37.80	2.90	22.52	0.00
44.10	38.10	33.50	29.30	25.50	38.10	2.70	44.64	0.00
44.20	38.10	33.50	29.30	25.50	38.10	2.70	35.40	0.00
44.30	38.10	33.50	29.30	25.50	38.10	2.70	40.71	0.00
44.40	38.10	33.60	29.30	25.50	38.10	2.70	23.22	0.00
44.50	38.10	33.60	29.30	25.50	38.40	2.60	46.38	0.00
44.60	38.10	33.60	29.30	25.60	38.40	2.60	26.69	0.00
44.70	38.10	33.60	29.30	25.60	38.10	3.00	22.05	0.00
44.80	38.00	33.50	29.30	25.50	38.70	2.40	11.84	0.00
44.90	38.00	33.50	29.30	25.50	38.70	2.40	20.01	0.00
45.00	38.00	33.50	29.30	25.50	38.40	2.40	49.61	0.00
45.10	38.20	33.50	29.20	25.60	38.70	2.30	45.15	0.00
45.20	38.20	33.50	29.20	25.60	38.70	2.30	37.44	0.00
45.30	38.00	33.50	29.30	25.40	38.70	2.60	25.09	0.00
45.40	38.00	33.50	29.30	25.40	38.70	2.60	20.20	0.00
45.50	38.00	33.50	29.30	25.40	39.20	2.70	13.86	0.00
45.60	38.10	33.50	29.30	25.50	39.50	2.10	24.18	0.00
45.70	38.10	33.50	29.30	25.50	39.50	2.10	41.87	0.00
45.80	38.10	33.50	29.30	25.50	39.20	2.40	40.46	0.00
45.90	38.20	33.50	29.30	25.50	39.30	2.30	49.88	0.00
46.00	38.20	33.50	29.30	25.50	39.30	2.30	24.60	0.00
46.10	38.10	33.50	29.30	25.60	39.30	2.30	62.18	0.00
46.20	38.10	33.50	29.30	25.60	39.30	2.30	27.14	0.00
46.30	38.10	33.50	29.30	25.60	39.60	2.60	23.37	0.00
46.40	38.10	33.60	29.30	25.50	39.60	2.60	31.47	0.00
46.50	38.10	33.60	29.30	25.50	40.10	2.40	7.34	0.00
46.60	38.10	33.50	29.20	25.50	40.10	2.40	53.71	0.00
46.70	38.10	33.50	29.20	25.50	38.90	2.70	33.31	0.00
46.80	38.20	33.60	29.30	25.60	40.40	2.60	49.78	0.00
46.90	38.20	33.60	29.30	25.60	40.40	2.60	35.24	0.00
47.00	38.20	33.60	29.30	25.60	39.90	2.70	48.78	0.00
47.10	38.20	33.40	29.30	25.50	40.60	2.40	26.98	0.00
47.20	38.20	33.40	29.30	25.50	40.60	2.40	42.78	0.00
47.30	38.00	33.60	29.40	25.60	40.30	2.30	20.19	0.00
47.40	38.00	33.60	29.40	25.60	40.30	2.30	30.95	0.00
47.50	38.00	33.60	29.40	25.60	41.20	2.40	16.90	0.00
47.60	38.10	33.40	29.30	25.50	40.90	1.90	46.82	0.00
47.70	38.10	33.40	29.30	25.50	40.90	1.90	40.24	0.00
47.80	38.20	33.40	29.30	25.50	41.50	2.10	39.50	0.00
47.90	38.20	33.40	29.30	25.50	41.50	2.10	23.35	0.00
48.00	38.20	33.40	29.30	25.50	41.50	2.10	38.23	0.00
48.10	38.20	33.60	29.30	25.50	41.50	2.10	31.90	0.00
48.20	38.20	33.60	29.30	25.50	41.50	1.60	26.44	0.00
48.30	38.20	33.60	29.30	25.50	41.50	1.60	13.70	0.00
48.40	38.10	33.60	29.30	25.60	41.60	2.90	46.91	0.00
48.50	38.10	33.60	29.30	25.60	41.60	2.30	34.95	0.00
48.60	38.10	33.60	29.30	25.60	41.60	2.30	23.27	0.00
48.70	38.20	33.40	29.40	25.60	42.10	2.70	33.40	0.00
48.80	38.20	33.40	29.40	25.60	42.30	2.40	47.02	0.00
48.90	38.20	33.40	29.40	25.60	42.10	2.90	42.96	0.00
49.00	37.90	33.50	29.30	25.40	42.10	2.90	24.14	0.00
49.10	37.90	33.50	29.30	25.40	42.30	2.30	32.20	0.00
49.20	37.90	33.50	29.30	25.40	42.70	2.40	21.42	0.00
49.30	38.10	33.50	29.30	25.50	42.70	2.40	30.46	0.00
49.40	38.10	33.50	29.30	25.50	42.60	2.40	17.62	0.00
49.50	38.20	33.40	29.40	25.60	42.90	2.40	33.79	0.00
49.60	38.20	33.40	29.40	25.60	42.90	2.40	54.31	0.00
49.70	38.10	33.60	29.40	25.50	42.90	2.40	33.16	0.00
49.80	38.10	33.60	29.40	25.50	42.90	2.40	23.16	0.00
49.90	38.10	33.60	29.40	25.50	42.90	2.40	14.20	0.00
50.00	38.20	33.60	29.30	25.50	42.70	2.30	22.18	0.00
50.10	38.20	33.60	29.30	25.50	42.70	2.30	14.26	0.00
50.20	38.20	33.60	29.30	25.50	42.70	2.30	21.45	0.00
50.30	38.20	33.60	29.30	25.50	43.30	2.70	13.54	0.00
50.40	38.00	33.50	29.30	25.60	43.90	2.90	23.66	0.00
50.50	38.00	33.50	29.30	25.60	43.90	2.90	33.21	0.00
50.60	37.90	33.40	29.30	25.50	43.80	2.70	52.77	0.00
50.70	37.90	33.40	29.30	25.50	43.80	2.40	27.85	0.00
50.80	37.90	33.40	29.30	25.50	43.80	2.40	34.29	0.00
50.90	38.00	33.50	29.30	25.50	44.40	2.60	38.42	0.00
51.00	38.00	33.50	29.30	25.50	44.40	2.60	31.22	0.00
51.10	38.00	33.50	29.30	25.50	43.80	2.40	18.85	0.00
51.20	38.00	33.50	29.20	25.60	43.90	2.40	43.71	0.00
51.30	38.00	33.50	29.20	25.60	43.90	2.40	37.79	0.00
51.40	38.00	33.50	29.20	25.60	44.70	1.50	35.43	0.00
51.50	38.20	33.50	29.40	25.60	44.70	1.50	19.48	0.00
51.60	38.20	33.50	29.40	25.60	44.70	1.50	41.65	0.00
51.70	38.20	33.60	29.40	25.70	44.70	2.30	42.55	0.00
51.80	38.20	33.60	29.40	25.70	44.70	2.30	38.91	0.00
51.90	38.00	33.50	29.20	25.60	44.60	2.30	22.06	0.00
52.00	38.00	33.50	29.20	25.60	44.70	2.60	24.75	0.00
52.10	38.00	33.50	29.20	25.60	44.70	2.60	40.75	0.00
52.20	38.00	33.50	29.20	25.60	44.70	2.60	42.51	0.00
52.30	38.00	33.40	29.30	25.60	45.20	2.60	26.81	0.00
52.40	38.00	33.40	29.30	25.60	45.20	2.60	26.91	0.00
52.50	38.00	33.50	29.40	25.60	45.20	2.60	53.30	0.00
52.60	38.00	33.50	29.40	25.60	45.50	2.40	26.57	0.00
52.70	38.00	33.50	29.40	25.60	45.80	2.40	22.24	0.00
52.80	38.10	33.40	29.30	25.50	45.80	2.40	14.58	0.00
52.90	38.10	33.40	29.30	25.50	45.80	2.30	34.93	0.00
53.00	38.00	33.50	29.20	25.50	46.10	2.60	51.10	0.00
53.10	38.00	33.50	29.20	25.50	46.10	2.60	18.87	0.00
53.20	38.00	33.50	29.20	25.50	45.90	1.90	31.60	0.00
53.30	38.00	33.60	29.40	25.60	45.90	1.90	47.43	0.00
53.40	38.00	33.60	29.40	25.60	45.90	1.90	38.04	0.00
53.50	38.10	33.40	29.30	25.40	46.60	2.40	45.13	0.00
53.60	38.10	33.40	29.30	25.40	46.60	2.40	33.35	0.00
53.70	38.10	33.50	29.40	25.50	46.30	2.10	26.65	0.00
53.80	38.10	33.50	29.40	25.50	46.30	2.10	25.30	0.00
53.90	38.10	33.50	29.40	25.50	46.60	3.30	20.47	0.00
54.00	38.10	33.50	29.20	25.70	47.20	2.60	55.78	0.00
54.10	38.10	33.50	29.20	25.70	47.20	2.60	41.44	0.00
54.20	38.10	33.50	29.20	25.70	47.20	2.90	26.86	0.00
54.30	38.00	33.50	29.40	25.60	47.20	2.90	26.96	0.00
54.40	38.00	33.50	29.40	25.60	46.70	2.30	48.50	0.00
54.50	38.20	33.50	29.40	25.50	46.70	2.30	37.46	0.00
54.60	38.20	33.50	29.40	25.50	47.50	0.10	21.11	0.00
54.70	38.10	33.60	29.20	25.60	47.30	2.30	47.43	0.00
54.80	38.10	33.60	29.20	25.60	47.30	2.30	50.60	0.00
54.90	38.10	33.60	29.20	25.60	47.30	2.60	20.35	0.00
55.00	38.10	33.40	29.30	25.50	47.30	2.60	38.63	0.00
55.10	38.10	33.40	29.30	25.50	47.90	2.90	54.27	0.00
55.20	38.20	33.40	29.30	25.50	47.90	2.90	25.55	0.00
55.30	38.20	33.40	29.30	25.50	47.90	2.90	30.38	0.00
55.40	38.20	33.40	29.30	25.50	48.10	2.10	57.18	0.00
55.50	38.20	33.40	29.30	25.50	48.10	2.10	37.66	0.00
55.60	38.20	33.40	29.30	25.50	48.40	2.90	21.34	0.00
55.70	38.10	33.40	29.30	25.50	48.30	2.10	39.14	0.00
55.80	38.10	33.40	29.30	25.50	48.30	2.10	20.07	0.00
55.90	38.10	33.50	29.40	25.60	48.40	2.70	40.23	0.00
56.00	38.10	33.50	29.40	25.60	48.40	2.70	35.88	0.00
56.10	38.10	33.50	29.40	25.60	49.50	2.40	33.79	0.00
56.20	38.00	33.50	29.30	25.40	49.50	2.40	17.64	0.00
56.30	38.00	33.50	29.30	25.40	49.00	2.90	20.59	0.00
56.40	38.00	33.50	29.30	25.40	49.00	2.90	50.85	0.00
56.50	38.10	33.20	29.40	25.60	49.30	2.70	21.60	0.00
56.60	38.10	33.20	29.40	25.60	49.30	2.70	52.82	0.00
56.70	38.10	33.20	29.40	25.60	49.30	2.70	30.16	0.00
56.80	38.20	33.40	29.40	25.50	49.50	2.40	19.11	0.00
56.90	38.20	33.40	29.40	25.50	49.50	2.40	51.22	0.00
57.00	38.20	33.40	29.40	25.50	49.80	2.10	44.16	0.00
57.10	38.10	33.40	29.40	25.50	49.80	2.10	32.22	0.00
57.20	38.10	33.40	29.40	25.50	49.80	2.10	16.08	0.00
57.30	38.10	33.40	29.30	25.60	49.90	2.60	58.76	0.00
57.40	38.10	33.40	29.30	25.60	49.90	2.60	46.51	0.00
57.50	38.10	33.40	29.30	25.60	49.80	2.10	25.15	0.00
57.60	38.10	33.50	29.30	25.50	50.40	2.40	21.62	0.00
57.70	38.10	33.50	29.30	25.50	50.40	2.40	36.63	0.00
57.80	38.10	33.50	29.30	25.50	50.10	2.40	38.57	0.00
57.90	38.10	33.50	29.30	25.50	50.40	2.30	35.88	0.00
58.00	38.10	33.50	29.30	25.50	50.40	2.30	15.61	0.00
58.10	38.00	33.20	29.20	25.40	50.60	2.60	37.28	0.00
58.20	38.00	33.20	29.20	25.40	50.60	2.60	48.72	0.00
58.30	38.00	33.20	29.20	25.40	50.70	2.90	22.90	0.00
58.40	38.10	33.40	29.30	25.60	50.70	2.90	17.57	0.00
58.50	38.10	33.40	29.30	25.60	51.00	2.30	38.03	0.00
58.60	38.10	33.40	29.30	25.60	51.20	2.10	49.31	0.00
58.70	38.10	33.40	29.30	25.60	51.20	2.10	25.31	0.00
58.80	38.10	33.40	29.30	25.60	51.00	2.40	20.44	0.00
58.90	38.10	33.40	29.40	25.60	51.00	2.40	35.12	0.00
59.00	38.10	33.40	29.40	25.60	51.00	2.40	38.15	0.00
59.10	38.00	33.50	29.30	25.50	51.00	2.40	21.84	0.00
59.20	38.00	33.50	29.30	25.50	51.50	2.70	22.14	0.00
59.30	38.10	33.50	29.30	25.50	51.50	2.60	49.50	0.00
59.40	38.10	33.50	29.30	25.50	51.50	2.60	31.68	0.00
59.50	38.00	33.40	29.30	25.50	52.30	2.70	22.97	0.00
59.60	38.00	33.40	29.30	25.50	52.30	2.70	33.16	0.00
59.70	38.00	33.40	29.30	25.50	52.40	2.70	23.02	0.00
59.80	38.00	33.40	29.30	25.50	52.60	2.40	23.41	0.00
59.90	38.00	33.40	29.30	25.50	52.60	2.40	9.59	0.00
60.00	38.10	33.50	29.40	25.60	52.30	2.30	25.15	0.00
60.10	38.10	33.50	29.40	25.60	52.30	2.40	53.29	0.00
60.20	38.10	33.50	29.40	25.60	52.30	2.40	39.32	0.00
60.30	38.10	33.50	29.40	25.60	52.30	2.40	19.86	0.00
60.40	38.20	33.40	29.20	25.60	52.40	2.40	56.13	0.00
60.50	38.20	33.40	29.20	25.60	52.70	2.10	44.00	0.00
60.60	38.20	33.40	29.20	25.60	52.70	2.10	43.24	0.00
60.70	38.00	33.40	29.20	25.50	53.20	2.70	25.20	0.00
60.80	38.00	33.40	29.20	25.50	53.20	2.70	31.29	0.00
60.90	38.00	33.40	29.20	25.50	53.20	2.70	35.05	0.00
61.00	38.20	33.40	29.40	25.60	53.30	2.40	36.96	0.00
61.10	38.20	33.40	29.40	25.60	53.30	2.40	21.02	0.00
61.20	38.20	33.40	29.40	25.60	53.20	2.10	19.22	0.00
61.30	38.20	33.50	29.50	25.60	53.20	2.10	49.85	0.00
61.40	38.20	33.50	29.50	25.60	53.80	2.40	33.72	0.00
61.50	38.20	33.50	29.50	25.60	53.80	2.60	50.37	0.00
61.60	38.00	33.40	29.40	25.50	53.80	2.60	27.30	0.00
61.70	38.00	33.40	29.40	25.50	53.80	3.30	20.05	0.00
61.80	38.00	33.50	29.40	25.70	53.80	3.30	46.40	0.00
61.90	38.00	33.50	29.40	25.70	53.90	2.10	46.10	0.00
62.00	37.90	33.30	29.10	25.40	53.90	2.40	19.84	0.00
62.10	37.90	33.30	29.10	25.40	53.90	2.40	17.49	0.00
62.20	37.90	33.30	29.10	25.40	53.90	2.40	21.76	0.00
62.30	37.90	33.30	29.10	25.40	54.30	2.70	56.60	0.00
62.40	37.80	33.30	29.30	25.50	53.80	2.60	37.26	0.00
62.50	37.80	33.30	29.30	25.50	53.80	2.60	15.45	0.00
62.60	38.10	33.30	29.30	25.50	54.70	2.70	20.19	0.00
62.70	38.10	33.30	29.30	25.50	54.70	2.70	51.94	0.00
62.80	38.10	33.30	29.30	25.50	54.70	2.70	29.00	0.00
62.90	38.10	33.40	29.30	25.50	54.70	2.70	16.50	0.00
63.00	38.10	33.40	29.30	25.50	54.90	2.60	16.03	0.00
63.10	38.10	33.40	29.30	25.60	55.00	2.40	26.63	0.00
63.20	38.10	33.40	29.30	25.60	55.00	2.40	23.05	0.00
63.30	38.10	33.40	29.30	25.60	55.80	2.40	56.18	0.00
63.40	38.00	33.40	29.40	25.60	55.90	2.60	36.60	0.00
63.50	38.00	33.40	29.40	25.60	55.90	2.60	13.98	0.00
63.60	38.00	33.40	29.40	25.60	55.60	2.90	39.34	0.00
63.70	37.90	33.30	29.30	25.50	55.50	2.60	13.92	0.00
63.80	37.90	33.30	29.30	25.50	55.50	2.60	31.26	0.00
63.90	37.90	33.40	29.30	25.50	55.80	2.60	55.09	0.00
64.00	37.90	33.40	29.30	25.50	55.80	2.60	42.06	0.00
64.10	37.90	33.40	29.30	25.50	56.40	2.60	25.54	0.00
64.20	37.90	33.40	29.30	25.50	56.40	2.60	24.69	0.00
64.30	37.90	33.40	29.30	25.60	56.70	2.60	52.94	0.00
64.40	37.90	33.40	29.30	25.60	56.70	2.60	37.27	0.00
64.50	37.90	33.40	29.40	25.60	56.60	0.40	22.86	0.00
64.60	37.90	33.40	29.40	25.60	56.60	0.40	47.64	0.00
64.70	37.90	33.40	29.40	25.60	56.60	0.40	43.91	0.00
64.80	37.90	33.40	29.40	25.50	57.00	2.40	30.18	0.00
64.90	37.90	33.40	29.40	25.50	57.00	2.40	27.48	0.00
65.00	37.90	33.40	29.40	25.50	57.00	2.90	28.11	0.00
65.10	37.90	33.40	29.40	25.60	57.20	2.40	56.32	0.00
65.20	37.90	33.40	29.40	25.60	57.20	2.40	30.87	0.00
65.30	37.90	33.40	29.40	25.60	57.50	2.40	23.54	0.00
65.40	38.00	33.30	29.30	25.60	57.80	2.40	27.08	0.00
65.50	38.00	33.30	29.30	25.60	57.80	2.40	22.26	0.00
65.60	38.00	33.50	29.50	25.60	57.60	1.80	48.91	0.00
65.70	38.00	33.50	29.50	25.60	57.60	1.80	42.46	0.00
65.80	38.00	33.50	29.50	25.60	57.50	2.40	21.11	0.00
65.90	37.90	33.30	29.30	25.60	58.10	2.90	31.97	0.00
66.00	37.90	33.30	29.30	25.60	58.10	2.90	56.76	0.00
66.10	37.80	33.30	29.30	25.50	58.10	2.60	49.54	0.00
66.20	37.80	33.30	29.30	25.50	58.10	2.60	31.91	0.00
66.30	37.80	33.30	29.30	25.50	58.10	2.60	29.07	0.00
66.40	38.00	33.40	29.30	25.60	58.40	2.60	35.28	0.00
66.50	38.00	33.40	29.30	25.60	58.40	2.60	22.98	0.00
66.60	38.00	33.40	29.30	25.60	58.40	2.60	14.15	0.00
66.70	37.90	33.50	29.30	25.60	58.60	2.40	22.02	0.00
66.80	37.90	33.50	29.30	25.60	58.60	2.40	46.00	0.00
66.90	37.90	33.50	29.30	25.60	58.70	1.90	47.67	0.00
67.00	37.80	33.40	29.30	25.50	58.90	2.60	34.16	0.00
67.10	37.80	33.40	29.30	25.50	58.90	2.60	23.51	0.00
67.20	37.80	33.40	29.30	25.50	59.20	2.70	53.97	0.00
67.30	37.90	33.40	29.30	25.50	59.20	2.70	42.62	0.00
67.40	37.90	33.40	29.30	25.50	59.00	2.60	25.47	0.00
67.50	37.90	33.40	29.30	25.50	59.30	2.90	14.62	0.00
67.60	37.80	33.30	29.30	25.50	59.30	2.90	28.57	0.00
67.70	37.80	33.30	29.30	25.50	59.60	2.10	52.89	0.00
67.80	37.80	33.30	29.30	25.50	59.60	2.10	27.05	0.00
67.90	37.80	33.30	29.30	25.50	59.90	2.60	24.89	0.00
68.00	38.00	33.40	29.40	25.50	59.90	2.60	48.37	0.00
68.10	38.00	33.40	29.40	25.50	60.10	2.60	48.91	0.00
68.20	38.00	33.40	29.40	25.50	60.10	2.60	28.77	0.00
68.30	37.90	33.40	29.30	25.50	59.90	2.40	29.88	0.00
68.40	37.90	33.40	29.30	25.50	59.90	2.40	61.57	0.00
68.50	37.90	33.40	29.30	25.50	59.90	2.40	36.43	0.00
68.60	38.00	33.40	29.40	25.60	60.40	2.70	36.95	0.00
68.70	38.00	33.40	29.40	25.60	60.40	2.70	31.30	0.00
68.80	38.00	33.50	29.30	25.60	60.90	2.70	27.53	0.00
68.90	38.00	33.50	29.30	25.60	60.90	2.70	44.93	0.00
69.00	38.00	33.50	29.30	25.60	60.70	2.60	46.39	0.00
69.10	38.00	33.30	29.40	25.60	61.00	2.60	32.84	0.00
69.20	38.00	33.30	29.40	25.60	61.00	2.60	24.67	0.00
69.30	38.00	33.30	29.40	25.60	61.30	2.40	38.98	0.00
69.40	37.90	33.40	29.40	25.60	61.30	2.40	31.83	0.00
69.50	37.90	33.40	29.40	25.60	61.30	2.90	24.19	0.00
69.60	37.90	33.30	29.40	25.50	61.80	2.40	20.46	0.00
69.70	37.90	33.30	29.40	25.50	61.80	2.40	55.91	0.00
69.80	37.90	33.30	29.40	25.50	61.60	2.40	50.53	0.00
69.90	38.10	33.50	29.50	25.60	61.60	2.40	30.51	0.00
70.00	38.10	33.50	29.50	25.60	61.60	2.60	26.10	0.00
70.10	38.00	33.30	29.40	25.70	61.60	2.60	35.93	0.00
70.20	38.00	33.30	29.40	25.70	62.10	2.10	54.95	0.00
70.30	38.00	33.30	29.40	25.70	62.10	2.10	32.17	0.00
70.40	38.00	33.30	29.30	25.60	62.10	2.10	23.11	0.00
70.50	38.00	33.30	29.30	25.60	62.10	2.10	23.04	0.00
70.60	37.90	33.40	29.40	25.70	62.60	0.30	56.43	0.00
70.70	37.90	33.40	29.40	25.70	62.60	0.30	40.02	0.00
70.80	37.90	33.40	29.40	25.70	62.90	2.60	27.31	0.00
70.90	37.90	33.30	29.30	25.60	62.90	2.60	29.00	0.00
71.00	37.90	33.30	29.30	25.60	62.90	2.90	57.66	0.00
71.10	37.90	33.40	29.40	25.60	62.90	2.30	45.41	0.00
71.20	37.90	33.40	29.40	25.60	62.90	2.30	23.96	0.00
71.30	37.90	33.40	29.40	25.60	63.20	2.60	36.25	0.00
71.40	38.00	33.30	29.20	25.60	63.20	2.60	48.46	0.00
71.50	38.00	33.30	29.20	25.60	63.20	2.70	50.33	0.00
71.60	37.90	33.40	29.40	25.70	63.50	2.30	28.95	0.00
71.70	37.90	33.40	29.40	25.70	63.50	2.30	21.92	0.00
71.80	37.90	33.40	29.40	25.70	63.60	2.40	47.64	0.00
71.90	37.90	33.40	29.30	25.60	63.60	2.40	48.32	0.00
72.00	37.90	33.40	29.30	25.60	63.80	2.40	37.45	0.00
72.10	37.90	33.40	29.20	25.60	64.10	2.40	28.36	0.00
72.20	37.90	33.40	29.20	25.60	64.10	2.40	34.04	0.00
72.30	37.90	33.40	29.20	25.60	64.10	2.40	61.35	0.00
72.40	38.10	33.50	29.40	25.60	64.10	2.40	48.93	0.00
72.50	38.10	33.50	29.40	25.60	64.10	2.40	36.96	0.00
72.60	38.10	33.50	29.40	25.60	64.10	2.70	24.17	0.00
72.70	37.90	33.30	29.40	25.60	65.00	2.40	18.70	0.00
72.80	37.90	33.30	29.40	25.60	65.00	2.40	28.62	0.00
72.90	37.90	33.30	29.40	25.60	64.90	2.70	44.32	0.00
73.00	37.90	33.50	29.40	25.70	64.90	2.70	52.62	0.00
73.10	37.90	33.50	29.40	25.70	65.00	2.60	42.08	0.00
73.20	37.90	33.30	29.20	25.50	65.90	2.10	32.11	0.00
73.30	37.90	33.30	29.20	25.50	65.90	2.10	24.95	0.00
73.40	37.90	33.30	29.20	25.50	65.30	2.60	42.38	0.00
73.50	38.00	33.40	29.50	25.70	65.30	2.60	57.35	0.00
73.60	38.00	33.40	29.50	25.70	65.60	1.90	52.81	0.00
73.70	38.00	33.40	29.50	25.70	65.50	2.60	30.30	0.00
73.80	38.00	33.30	29.40	25.60	65.50	2.60	26.45	0.00
73.90	38.00	33.30	29.40	25.60	66.30	2.90	36.95	0.00
74.00	38.00	33.30	29.40	25.60	66.30	2.90	54.30	0.00
74.10	38.00	33.30	29.40	25.60	66.30	2.90	55.29	0.00
74.20	38.00	33.30	29.40	25.60	66.30	2.90	46.50	0.00
74.30	37.90	33.30	29.30	25.50	66.30	2.90	29.33	0.00
74.40	37.90	33.30	29.30	25.50	66.30	2.90	30.30	0.00
74.50	38.00	33.40	29.40	25.70	66.60	2.60	41.24	0.00
74.60	38.00	33.40	29.40	25.70	66.90	2.90	55.02	0.00
74.70	38.00	33.40	29.40	25.70	66.90	2.90	57.42	0.00
74.80	37.90	33.30	29.30	25.50	66.70	2.10	53.24	0.00
74.90	37.90	33.30	29.30	25.50	67.20	2.30	37.79	0.00
75.00	37.90	33.30	29.30	25.50	67.20	2.30	27.37	0.00
75.10	38.10	33.30	29.40	25.70	67.50	2.30	29.16	0.00
75.20	38.10	33.30	29.40	25.70	67.50	2.30	37.11	0.00
75.30	38.10	33.30	29.40	25.70	67.50	2.40	39.89	0.00
75.40	37.90	33.30	29.30	25.50	67.80	2.60	49.35	0.00
75.50	37.90	33.30	29.30	25.50	67.80	2.60	48.76	0.00
75.60	38.10	33.50	29.50	25.70	67.90	2.40	38.26	0.00
75.70	38.10	33.50	29.50	25.70	67.90	2.40	24.97	0.00
75.80	38.10	33.50	29.50	25.70	68.30	2.30	29.88	0.00
75.90	38.10	33.40	29.40	25.70	68.30	2.10	19.28	0.00
76.00	38.10	33.40	29.40	25.70	68.30	2.10	38.04	0.00
76.10	38.00	33.20	29.30	25.40	68.30	2.10	38.24	0.00
76.20	38.00	33.20	29.30	25.40	68.30	2.10	59.03	0.00
76.30	38.00	33.20	29.30	25.40	68.70	2.70	46.83	0.00
76.40	38.10	33.40	29.40	25.70	68.70	2.70	48.86	0.00
76.50	38.10	33.40	29.40	25.70	68.90	2.10	40.93	0.00
76.60	38.10	33.40	29.40	25.70	68.70	2.90	38.35	0.00
76.70	38.10	33.30	29.40	25.70	68.70	2.90	28.37	0.00
76.80	38.10	33.30	29.40	25.70	68.90	2.70	29.28	0.00
76.90	38.00	33.40	29.30	25.60	68.90	2.70	27.88	0.00
77.00	38.00	33.40	29.30	25.60	69.80	2.40	34.15	0.00
77.10	38.10	33.40	29.40	25.70	70.10	2.30	23.14	0.00
77.20	38.10	33.40	29.40	25.70	70.10	2.30	42.41	0.00
77.30	38.10	33.40	29.40	25.70	69.90	2.70	44.86	0.00
77.40	38.00	33.30	29.30	25.60	70.10	2.30	56.32	0.00
77.50	38.00	33.30	29.30	25.60	70.10	2.30	56.97	0.00
77.60	38.00	33.30	29.30	25.60	70.10	2.70	51.84	0.00
77.70	38.00	33.30	29.30	25.50	70.10	2.70	57.92	0.00
77.80	38.00	33.30	29.30	25.50	70.40	2.70	51.36	0.00
77.90	38.10	33.40	29.40	25.60	70.40	2.70	38.20	0.00
78.00	38.10	33.40	29.40	25.60	70.40	2.70	14.73	0.00
78.10	37.80	33.30	29.30	25.50	70.30	2.10	7.40	0.00
78.20	37.80	33.30	29.30	25.50	70.30	2.10	4.78	0.00
78.30	37.80	33.30	29.30	25.50	70.30	2.60	3.40	0.00
78.40	37.80	33.30	29.40	25.60	70.30	2.60	2.64	0.00
78.50	37.80	33.30	29.40	25.60	70.40	2.60	2.04	0.00
78.60	37.80	33.30	29.40	25.60	70.30	2.60	1.72	0.00
78.70	37.70	33.30	29.50	25.60	70.30	2.60	1.54	0.00
78.80	37.70	33.30	29.50	25.60	70.40	2.60	1.31	0.00
78.90	37.50	33.30	29.40	25.60	70.40	2.60	1.12	0.00
79.00	37.50	33.30	29.40	25.60	70.30	2.70	0.99	0.00
79.10	37.50	33.40	29.50	25.70	70.30	2.70	0.95	0.00
79.20	37.50	33.40	29.50	25.70	69.80	2.40	0.83	0.00
79.30	37.40	33.40	29.30	25.50	69.90	2.10	0.79	0.00
79.40	37.40	33.40	29.30	25.50	69.90	2.10	0.66	0.00
79.50	37.40	33.40	29.30	25.50	70.10	2.10	0.70	0.00
79.60	37.10	33.30	29.30	25.50	70.10	2.10	0.62	0.00
79.70	37.10	33.30	29.30	25.50	69.50	2.10	0.53	0.00
79.80	37.10	33.40	29.40	25.50	69.50	2.10	0.50	0.00
79.90	37.10	33.40	29.40	25.50	69.50	2.10	0.49	0.00
80.00	37.00	33.30	29.40	25.50	69.50	2.70	0.46	0.00
80.10	37.00	33.30	29.40	25.50	69.50	2.70	0.43	0.00
80.20	37.00	33.30	29.40	25.50	70.10	2.40	0.20	0.00
80.30	37.00	33.30	29.40	25.50	70.10	2.40	0.17	0.00
80.40	36.80	33.40	29.40	25.50	69.80	2.60	0.15	0.00
80.50	36.80	33.40	29.40	25.50	69.80	2.60	0.17	0.00
80.60	36.80	33.40	29.40	25.50	70.30	2.70	0.19	0.00
80.70	36.90	33.30	29.40	25.70	70.30	2.70	0.17	0.00
80.80	36.90	33.30	29.40	25.70	69.80	2.30	0.07	0.00
80.90	36.90	33.30	29.40	25.70	69.90	2.70	0.17	0.00
81.00	36.70	33.40	29.40	25.60	69.90	2.70	0.13	0.00
81.10	36.70	33.40	29.40	25.60	69.50	2.40	0.09	0.00
81.20	36.70	33.40	29.40	25.50	69.50	2.40	0.09	0.00
81.30	36.70	33.40	29.40	25.50	69.50	2.30	0.07	0.00
81.40	36.70	33.40	29.40	25.50	69.50	2.30	0.07	0.00
81.50	36.70	33.40	29.30	25.60	69.80	2.60	0.04	0.00
81.60	36.70	33.40	29.30	25.60	69.80	2.60	0.07	0.00
81.70	36.50	33.40	29.30	25.50	69.60	2.60	0.07	0.00
81.80	36.50	33.40	29.30	25.50	69.60	2.60	0.06	0.00
81.90	36.50	33.40	29.30	25.50	69.60	2.60	0.06	0.00
82.00	36.60	33.30	29.40	25.60	69.80	2.70	0.07	0.00
82.10	36.60	33.30	29.40	25.60	69.80	2.70	0.04	0.00
82.20	36.60	33.30	29.40	25.60	69.90	2.90	0.04	0.00
82.30	36.40	33.30	29.30	25.50	69.50	2.30	0.06	0.00
82.40	36.40	33.30	29.30	25.50	69.50	2.30	0.04	0.00
82.50	36.50	33.40	29.40	25.70	70.40	2.40	0.04	0.00
82.60	36.50	33.40	29.40	25.70	70.40	2.40	0.07	0.00
82.70	36.50	33.40	29.40	25.70	69.80	2.60	0.07	0.00
82.80	36.30	33.30	29.30	25.60	69.80	2.90	0.04	0.00
82.90	36.30	33.30	29.30	25.60	69.80	2.90	0.07	0.00
83.00	36.30	33.30	29.30	25.60	70.10	3.00	0.04	0.00
83.10	36.30	33.40	29.40	25.70	69.60	2.40	0.06	0.00
83.20	36.30	33.40	29.40	25.70	69.60	2.40	0.00	0.00
83.30	36.30	33.40	29.40	25.70	69.60	3.00	0.07	0.00
83.40	36.30	33.40	29.40	25.60	69.60	2.10	0.06	0.00
83.50	36.30	33.40	29.40	25.60	69.60	2.10	0.06	0.00
83.60	36.30	33.40	29.40	25.50	69.60	2.10	0.04	0.00
83.70	36.30	33.40	29.40	25.50	69.60	2.10	0.07	0.00
83.80	36.30	33.40	29.40	25.50	69.90	2.90	0.06	0.00
83.90	36.30	33.20	29.40	25.60	69.90	2.10	0.00	0.00
84.00	36.30	33.20	29.40	25.60	69.90	2.10	0.06	0.00
84.10	36.30	33.20	29.30	25.60	69.80	0.40	0.06	0.00
84.20	36.30	33.20	29.30	25.60	69.80	0.40	0.07	0.00
84.30	36.30	33.20	29.30	25.60	69.80	2.40	0.06	0.00
84.40	36.10	33.40	29.40	25.60	69.80	2.40	0.07	0.00
84.50	36.10	33.40	29.40	25.60	69.80	2.90	0.04	0.00
84.60	36.10	33.40	29.40	25.60	69.80	3.20	0.07	0.00
84.70	36.20	33.30	29.50	25.60	69.80	3.20	0.00	0.00
84.80	36.20	33.30	29.50	25.60	69.80	2.40	0.07	0.00
84.90	36.00	33.30	29.30	25.60	69.80	2.40	0.02	0.00
85.00	36.00	33.30	29.30	25.60	69.60	2.30	0.02	0.00
85.10	36.00	33.30	29.30	25.60	69.90	2.30	0.02	0.00
85.20	36.00	33.30	29.30	25.60	69.90	2.30	0.00	0.00
85.30	35.90	33.30	29.40	25.50	69.90	2.30	0.00	0.00
85.40	35.90	33.30	29.40	25.50	69.90	2.60	0.00	0.00
85.50	36.00	33.40	29.30	25.60	69.90	2.60	0.00	0.00
85.60	36.00	33.40	29.30	25.60	69.90	2.60	0.06	0.00
85.70	36.00	33.40	29.30	25.60	69.80	2.70	0.02	0.00
85.80	35.80	33.20	29.30	25.60	69.80	2.70	0.06	0.00
85.90	35.80	33.20	29.30	25.60	69.60	2.60	0.02	0.00
86.00	35.80	33.20	29.30	25.60	69.60	2.60	-0.02	0.00
86.10	35.90	33.30	29.30	25.60	69.60	2.60	0.06	0.00
86.20	35.90	33.30	29.30	25.60	69.60	2.10	0.00	0.00
86.30	35.90	33.30	29.30	25.60	69.60	2.10	-0.06	0.00
86.40	36.00	33.30	29.30	25.70	69.80	2.70	-0.02	0.00
86.50	36.00	33.30	29.30	25.70	69.30	2.60	-0.07	0.00
86.60	36.00	33.30	29.30	25.70	69.30	2.60	0.00	0.00
86.70	36.00	33.30	29.40	25.60	69.50	2.30	-0.04	0.00
86.80	36.00	33.30	29.40	25.60	69.50	2.30	-0.07	0.00
86.90	36.00	33.30	29.40	25.60	69.30	2.60	-0.04	0.00
87.00	35.80	33.20	29.30	25.40	69.30	2.60	-0.02	0.00
87.10	35.80	33.20	29.30	25.40	69.60	2.30	-0.06	0.00
87.20	35.80	33.40	29.30	25.60	69.90	2.60	-0.06	0.00
87.30	35.80	33.40	29.30	25.60	69.90	2.60	0.00	0.00
87.40	35.80	33.40	29.30	25.60	69.60	2.70	0.00	0.00
87.50	35.90	33.30	29.40	25.60	69.60	2.70	0.00	0.00
87.60	35.90	33.30	29.40	25.60	69.60	2.70	0.00	0.00
87.70	35.80	33.20	29.20	25.50	69.60	2.90	0.00	0.00
87.80	35.80	33.20	29.20	25.50	69.60	2.90	0.00	0.00
87.90	35.80	33.30	29.40	25.70	69.60	1.90	0.00	0.00
88.00	35.80	33.30	29.40	25.70	69.30	2.60	0.00	0.00
88.10	35.80	33.30	29.40	25.70	69.30	2.60	0.00	0.00
88.20	35.80	33.30	29.50	25.60	69.30	2.60	0.00	0.00
88.30	35.80	33.30	29.50	25.60	69.30	2.60	0.00	0.00
88.40	35.80	33.30	29.50	25.60	69.50	2.10	0.00	0.00
88.50	35.70	33.30	29.40	25.60	69.50	2.10	0.00	0.00
88.60	35.70	33.30	29.40	25.60	69.90	2.60	0.00	0.00
88.70	35.80	33.20	29.40	25.60	69.50	2.70	0.00	0.00
88.80	35.80	33.20	29.40	25.60	69.50	2.70	0.00	0.00
88.90	35.80	33.40	29.50	25.70	69.50	2.70	0.00	0.00
89.00	35.80	33.40	29.50	25.70	69.80	2.70	0.00	0.00
89.10	35.80	33.40	29.50	25.70	69.80	2.70	0.00	0.00
89.20	35.80	33.30	29.30	25.60	69.20	2.60	0.00	0.00
89.30	35.80	33.30	29.30	25.60	69.20	2.60	0.00	0.00
89.40	35.80	33.30	29.30	25.60	69.20	2.60	0.00	0.00
89.50	35.80	33.40	29.30	25.60	69.20	2.60	0.00	0.00
89.60	35.80	33.40	29.30	25.60	69.80	2.60	0.00	0.00
89.70	35.80	33.40	29.30	25.60	69.60	2.90	0.00	0.00
89.80	35.80	33.30	29.30	25.50	69.50	2.60	0.00	0.00
89.90	35.80	33.30	29.30	25.50	69.50	2.60	0.00	0.00
90.00	35.80	33.40	29.50	25.70	69.30	2.30	0.00	0.00
90.10	35.80	33.40	29.50	25.70	69.30	2.30	0.00	0.00
90.20	35.80	33.40	29.50	25.70	69.30	2.30	0.00	0.00
90.30	35.80	33.40	29.50	25.70	69.50	2.30	0.00	0.00
90.40	35.70	33.30	29.40	25.60	69.80	2.60	0.00	0.00
90.50	35.70	33.30	29.40	25.60	69.80	2.60	0.00	0.00
90.60	35.70	33.30	29.40	25.70	69.60	2.70	0.00	0.00
90.70	35.70	33.30	29.40	25.70	69.80	3.00	0.00	0.00
90.80	35.70	33.30	29.40	25.70	69.80	3.00	0.00	0.00
90.90	35.70	33.50	29.40	25.70	69.50	2.30	0.00	0.00
91.00	35.70	33.50	29.40	25.70	69.50	2.30	0.00	0.00
91.10	35.70	33.50	29.40	25.70	69.60	2.30	0.00	0.00
91.20	35.70	33.30	29.30	25.50	69.60	2.30	0.00	0.00
91.30	35.70	33.30	29.30	25.50	69.60	2.30	0.00	0.00
91.40	35.70	33.30	29.30	25.50	69.80	2.30	0.00	0.00
91.50	35.60	33.40	29.50	25.60	69.90	2.70	0.00	0.00
91.60	35.60	33.40	29.50	25.60	69.90	2.70	0.00	0.00
91.70	35.60	33.40	29.40	25.60	69.50	2.70	0.00	0.00
91.80	35.60	33.40	29.40	25.60	69.50	2.70	0.00	0.00
91.90	35.60	33.40	29.40	25.60	69.80	2.30	0.00	0.00
92.00	35.70	33.30	29.40	25.60	69.80	2.30	0.00	0.00
92.10	35.70	33.30	29.40	25.60	69.30	2.60	0.00	0.00
92.20	35.70	33.30	29.40	25.60	69.60	2.70	0.00	0.00
92.30	35.60	33.40	29.40	25.70	69.60	2.70	0.00	0.00
92.40	35.60	33.40	29.40	25.70	69.60	2.90	0.00	0.00
92.50	35.60	33.40	29.40	25.70	69.50	2.60	0.00	0.00
92.60	35.50	33.40	29.40	25.60	69.50	2.60	0.00	0.00
92.70	35.50	33.40	29.40	25.60	69.90	2.30	0.00	0.00
92.80	35.60	33.40	29.50	25.60	69.90	2.30	0.00	0.00
92.90	35.60	33.40	29.50	25.60	69.20	2.30	0.00	0.00
93.00	35.50	33.30	29.40	25.60	69.20	2.30	0.00	0.00
93.10	35.50	33.30	29.40	25.60	69.20	2.30	0.00	0.00
93.20	35.40	33.30	29.30	25.50	69.30	2.90	0.00	0.00
93.30	35.40	33.30	29.30	25.50	69.30	2.90	0.00	0.00
93.40	35.40	33.30	29.30	25.50	69.60	2.40	0.00	0.00
93.50	35.50	33.30	29.40	25.50	69.80	2.60	0.00	0.00
93.60	35.50	33.30	29.40	25.50	69.80	2.60	0.00	0.00
93.70	35.50	33.30	29.30	25.60	69.60	2.40	0.00	0.00
93.80	35.50	33.30	29.30	25.60	69.60	2.40	0.00	0.00
93.90	35.50	33.30	29.30	25.60	69.30	2.30	0.00	0.00
94.00	35.40	33.30	29.30	25.50	69.60	2.40	0.00	0.00
94.10	35.40	33.30	29.30	25.50	69.60	2.40	0.00	0.00
94.20	35.40	33.30	29.30	25.50	69.30	2.40	0.00	0.00
94.30	35.30	33.20	29.30	25.40	69.30	2.40	0.00	0.00
94.40	35.30	33.20	29.30	25.40	69.30	2.40	0.00	0.00
94.50	35.60	33.30	29.40	25.50	69.60	2.70	0.00	0.00
94.60	35.60	33.30	29.40	25.50	69.60	2.70	0.00	0.00
94.70	35.60	33.30	29.40	25.50	69.80	2.40	0.00	0.00
94.80	35.50	33.30	29.50	25.60	69.80	2.40	0.00	0.00
94.90	35.50	33.30	29.50	25.60	69.80	2.40	0.00	0.00
95.00	35.40	33.30	29.50	25.60	69.50	2.60	0.00	0.00
95.10	35.40	33.30	29.50	25.60	69.50	2.60	0.00	0.00
95.20	35.40	33.30	29.50	25.60	69.50	2.10	0.00	0.00
95.30	35.40	33.30	29.50	25.60	69.50	2.10	0.00	0.00
95.40	35.50	33.30	29.40	25.70	69.20	2.40	0.00	0.00
95.50	35.50	33.30	29.40	25.70	69.20	2.40	0.00	0.00
95.60	35.50	33.30	29.40	25.70	69.60	2.10	0.00	0.00
95.70	35.50	33.30	29.40	25.70	69.60	2.10	0.00	0.00
95.80	35.50	33.30	29.40	25.70	69.80	2.40	0.00	0.00
95.90	35.50	33.20	29.40	25.50	69.90	2.90	0.00	0.00
96.00	35.50	33.20	29.40	25.50	69.90	2.90	0.00	0.00
96.10	35.50	33.20	29.40	25.50	69.90	2.10	0.00	0.00
96.20	35.40	33.40	29.40	25.60	69.90	2.10	0.00	0.00
96.30	35.40	33.40	29.40	25.60	69.60	2.10	0.00	0.00
96.40	35.30	33.20	29.30	25.50	69.80	2.70	0.00	0.00
96.50	35.30	33.20	29.30	25.50	69.80	2.70	0.00	0.00
96.60	35.20	33.30	29.40	25.60	69.50	2.60	0.00	0.00
96.70	35.20	33.30	29.40	25.60	69.50	2.60	0.00	0.00
96.80	35.20	33.30	29.40	25.60	69.50	2.60	0.00	0.00
96.90	35.40	33.30	29.50	25.70	69.20	2.30	0.00	0.00
97.00	35.40	33.30	29.50	25.70	69.20	2.30	0.00	0.00
97.10	35.40	33.30	29.50	25.70	69.30	2.60	0.00	0.00
97.20	35.40	33.30	29.50	25.80	69.30	2.60	0.00	0.00
97.30	35.40	33.30	29.50	25.80	69.80	2.60	0.00	0.00
97.40	35.20	33.20	29.40	25.60	69.30	2.60	0.00	0.00
97.50	35.20	33.20	29.40	25.60	69.30	2.60	0.00	0.00
97.60	35.40	33.30	29.50	25.70	69.30	2.70	0.00	0.00
97.70	35.40	33.30	29.50	25.70	69.30	2.70	0.00	0.00
97.80	35.40	33.30	29.50	25.70	69.30	2.10	0.00	0.00
97.90	35.30	33.20	29.30	25.60	69.30	2.10	0.00	0.00
98.00	35.30	33.20	29.30	25.60	69.50	2.60	0.00	0.00
98.10	35.20	33.30	29.50	25.60	69.80	2.60	0.00	0.00
98.20	35.20	33.30	29.50	25.60	69.80	2.60	0.00	0.00
98.30	35.20	33.30	29.40	25.50	69.60	2.30	0.00	0.00
98.40	35.20	33.30	29.40	25.50	69.60	2.30	0.00	0.00
98.50	35.20	33.30	29.40	25.50	69.50	2.40	0.00	0.00
98.60	35.30	33.40	29.40	25.60	69.50	2.40	0.00	0.00
98.70	35.30	33.40	29.40	25.60	69.50	2.40	0.00	0.00
98.80	35.30	33.40	29.40	25.60	69.30	2.60	0.00	0.00
98.90	35.30	33.40	29.50	25.70	69.30	2.60	0.00	0.00
99.00	35.30	33.40	29.50	25.70	69.80	2.60	0.00	0.00
99.10	35.20	33.30	29.40	25.70	69.80	2.60	0.00	0.00
99.20	35.20	33.30	29.40	25.70	69.50	3.00	0.00	0.00
99.30	35.20	33.30	29.40	25.70	69.60	2.10	0.00	0.00
99.40	35.30	33.30	29.40	25.70	69.30	2.60	0.00	0.00
99.50	35.30	33.30	29.40	25.70	69.30	2.60	0.00	0.00
99.60	35.30	33.20	29.50	25.70	69.90	2.60	0.00	0.00
99.70	35.30	33.20	29.50	25.70	69.90	2.60	0.00	0.00
99.80	35.30	33.20	29.50	25.70	69.30	2.90	0.00	0.00
99.90	35.20	33.40	29.40	25.60	69.30	2.90	0.00	0.00
100.00	35.20	33.40	29.40	25.60	69.30	2.90	0.00	0.00
100.10	35.20	33.40	29.40	25.60	69.80	2.30	0.00	0.00
100.20	35.20	33.40	29.40	25.60	69.80	2.30	0.00	0.00
100.30	34.90	33.10	29.30	25.50	69.60	2.90	0.00	0.00
100.40	34.90	33.10	29.30	25.50	69.60	2.90	0.00	0.00
100.50	35.20	33.30	29.30	25.60	69.30	2.90	0.00	0.00
100.60	35.20	33.30	29.30	25.60	69.30	2.90	0.00	0.00
100.70	35.20	33.30	29.30	25.60	69.30	2.90	0.00	0.00
100.80	35.10	33.20	29.40	25.60	69.80	2.70	0.00	0.00
100.90	35.10	33.20	29.40	25.60	69.80	2.70	0.00	0.00
101.00	35.10	33.20	29.40	25.60	69.60	3.30	0.00	0.00
101.10	35.10	33.20	29.40	25.60	69.50	2.30	0.00	0.00
101.20	35.10	33.20	29.40	25.60	69.50	2.30	0.00	0.00
101.30	35.10	33.30	29.30	25.60	69.30	2.60	0.00	0.00
101.40	35.10	33.30	29.30	25.60	69.30	2.60	0.00	0.00
101.50	35.10	33.30	29.30	25.60	69.20	2.40	0.00	0.00
101.60	35.20	33.30	29.40	25.50	69.50	2.60	0.00	0.00
101.70	35.20	33.30	29.40	25.50	69.50	2.60	0.00	0.00
101.80	35.20	33.30	29.40	25.50	69.50	2.60	0.00	0.00
101.90	35.10	33.30	29.30	25.50	69.60	2.10	0.00	0.00
102.00	35.10	33.30	29.30	25.50	69.60	2.10	0.00	0.00
102.10	35.00	33.30	29.40	25.70	69.50	2.60	0.00	0.00
102.20	35.00	33.30	29.40	25.70	69.50	2.60	0.00	0.00
102.30	35.00	33.30	29.40	25.70	69.80	3.00	0.00	0.00
102.40	35.10	33.30	29.40	25.70	69.80	3.00	0.00	0.00
102.50	35.10	33.30	29.40	25.70	69.80	3.00	0.00	0.00
102.60	35.10	33.30	29.40	25.60	69.80	3.00	0.00	0.00
102.70	35.10	33.30	29.40	25.60	69.80	2.70	0.00	0.00
102.80	35.00	33.20	29.20	25.50	69.80	2.70	0.00	0.00
102.90	35.00	33.20	29.20	25.50	69.90	2.40	0.00	0.00
103.00	35.10	33.30	29.40	25.60	69.60	2.10	0.00	0.00
103.10	35.10	33.30	29.40	25.60	69.60	2.10	0.00	0.00
103.20	35.10	33.30	29.40	25.60	69.50	2.60	0.00	0.00
103.30	35.00	33.20	29.20	25.50	69.20	2.60	0.00	0.00
103.40	35.00	33.20	29.20	25.50	69.20	2.60	0.00	0.00
103.50	35.00	33.10	29.30	25.50	69.00	2.40	0.00	0.00
103.60	35.00	33.10	29.30	25.50	69.00	2.40	0.00	0.00
103.70	35.00	33.10	29.30	25.50	69.30	2.60	0.00	0.00
103.80	35.10	33.30	29.40	25.70	69.30	2.60	0.00	0.00
103.90	35.10	33.30	29.40	25.70	69.90	2.40	0.00	0.00
104.00	35.10	33.30	29.40	25.60	69.80	2.60	0.00	0.00
104.10	35.10	33.30	29.40	25.60	69.30	2.60	0.00	0.00
104.20	35.10	33.30	29.40	25.60	69.30	2.60	0.00	0.00
104.30	35.00	33.20	29.30	25.50	69.30	2.60	0.00	0.00
104.40	35.00	33.20	29.30	25.50	69.30	2.60	0.00	0.00
104.50	35.00	33.20	29.30	25.50	69.80	2.70	0.00	0.00
104.60	35.10	33.20	29.40	25.70	69.80	2.70	0.00	0.00
104.70	35.10	33.20	29.40	25.70	69.50	2.30	0.00	0.00
104.80	35.10	33.20	29.40	25.60	69.50	2.30	0.00	0.00
104.90	35.10	33.20	29.40	25.60	69.50	3.30	0.00	0.00
105.00	35.10	33.20	29.40	25.60	69.60	2.60	0.00	0.00
105.10	35.10	33.40	29.40	25.70	69.60	2.60	0.00	0.00
105.20	35.10	33.40	29.40	25.70	69.60	2.70	0.00	0.00
105.30	35.10	33.40	29.40	25.70	69.60	2.70	0.00	0.00
105.40	34.90	33.30	29.50	25.70	70.40	3.00	0.00	0.00
105.50	34.90	33.30	29.50	25.70	70.40	3.00	0.00	0.00
105.60	34.90	33.30	29.50	25.70	69.30	2.10	0.00	0.00
105.70	35.00	33.10	29.30	25.50	69.30	2.10	0.00	0.00
105.80	35.00	33.10	29.30	25.50	69.80	2.30	0.00	0.00
105.90	35.00	33.10	29.30	25.50	69.30	2.60	0.00	0.00
106.00	34.90	33.20	29.40	25.60	69.30	2.60	0.00	0.00
106.10	34.90	33.20	29.40	25.60	69.60	2.60	0.00	0.00
106.20	35.10	33.20	29.50	25.70	69.60	2.60	0.00	0.00
106.30	35.10	33.20	29.50	25.70	69.60	2.60	0.00	0.00
106.40	35.10	33.20	29.50	25.70	69.60	2.60	0.00	0.00
106.50	34.90	33.10	29.30	25.50	69.30	2.40	0.00	0.00
106.60	34.90	33.10	29.30	25.50	69.30	2.40	0.00	0.00
106.70	34.90	33.10	29.30	25.50	69.30	2.40	0.00	0.00
106.80	34.90	33.30	29.40	25.70	69.30	2.60	0.00	0.00
106.90	34.90	33.30	29.40	25.70	69.30	2.60	0.00	0.00
107.00	34.90	33.30	29.40	25.70	69.50	2.60	0.00	0.00
107.10	34.90	33.20	29.30	25.60	69.20	2.40	0.00	0.00
107.20	34.90	33.20	29.30	25.60	69.20	2.40	0.00	0.00
107.30	34.90	33.20	29.30	25.60	69.50	2.70	0.00	0.00
107.40	35.10	33.20	29.50	25.70	69.90	2.60	0.00	0.00
107.50	35.10	33.20	29.50	25.70	69.90	2.60	0.00	0.00
107.60	35.10	33.20	29.50	25.70	69.30	2.40	0.00	0.00
107.70	35.00	33.20	29.40	25.70	69.30	2.40	0.00	0.00
107.80	35.00	33.20	29.40	25.70	69.50	2.60	0.00	0.00
107.90	34.90	33.20	29.40	25.60	69.30	2.70	0.00	0.00
108.00	34.90	33.20	29.40	25.60	69.30	2.70	0.00	0.00
108.10	34.90	33.20	29.40	25.60	69.30	2.70	0.00	0.00
108.20	34.90	33.20	29.40	25.60	69.30	2.70	0.00	0.00
108.30	34.90	33.20	29.40	25.60	68.10	2.60	0.00	0.00
108.40	34.90	33.20	29.40	25.60	68.10	2.60	0.00	0.00
108.50	34.90	33.10	29.40	25.60	69.60	2.40	0.00	0.00
108.60	34.90	33.10	29.40	25.60	69.60	2.30	0.00	0.00
108.70	34.90	33.10	29.40	25.60	69.60	2.30	0.00	0.00
108.80	35.00	33.30	29.40	25.70	69.60	2.70	0.00	0.00
108.90	35.00	33.30	29.40	25.70	69.50	2.60	0.00	0.00
109.00	35.00	33.30	29.40	25.70	69.50	2.60	0.00	0.00
109.10	34.90	33.20	29.40	25.60	69.50	2.70	0.00	0.00
109.20	34.90	33.20	29.40	25.60	69.50	2.70	0.00	0.00
109.30	34.90	33.20	29.40	25.60	70.10	2.30	0.00	0.00
109.40	34.80	33.20	29.30	25.50	70.10	2.30	0.00	0.00
109.50	34.80	33.20	29.30	25.50	69.60	2.40	0.00	0.00
109.60	34.80	33.20	29.30	25.50	69.50	2.70	0.00	0.00
109.70	34.90	33.20	29.30	25.60	69.50	2.70	0.00	0.00
109.80	34.90	33.20	29.30	25.60	69.30	3.00	0.00	0.00
109.90	34.80	33.20	29.50	25.60	69.30	3.00	0.00	0.00
110.00	34.80	33.20	29.50	25.60	69.30	3.00	0.00	0.00
110.10	34.80	33.20	29.50	25.60	69.30	3.00	0.00	0.00
110.20	34.80	33.20	29.50	25.60	69.50	2.90	0.00	0.00
110.30	34.70	33.20	29.30	25.60	69.50	2.90	0.00	0.00
110.40	34.70	33.20	29.30	25.60	69.60	2.60	0.00	0.00
110.50	34.70	33.30	29.40	25.60	69.60	2.60	0.00	0.00
110.60	34.70	33.30	29.40	25.60	69.30	2.60	0.00	0.00
110.70	34.70	33.30	29.40	25.60	69.30	2.60	0.00	0.00
110.80	34.90	33.20	29.40	25.50	69.30	2.60	0.00	0.00
110.90	34.90	33.20	29.40	25.50	69.30	2.40	0.00	0.00
111.00	34.70	33.20	29.40	25.60	69.30	2.40	0.00	0.00
111.10	34.70	33.20	29.40	25.60	69.50	2.70	0.00	0.00
111.20	34.70	33.20	29.40	25.60	69.20	2.40	0.00	0.00
111.30	34.80	33.20	29.50	25.60	69.20	2.40	0.00	0.00
111.40	34.80	33.20	29.50	25.60	69.90	2.40	0.00	0.00
111.50	34.80	33.20	29.40	25.60	69.90	2.40	0.00	0.00
111.60	34.80	33.20	29.40	25.60	69.80	2.30	0.00	0.00
111.70	34.80	33.20	29.40	25.60	69.50	2.40	0.00	0.00
111.80	34.90	33.20	29.40	25.70	69.50	2.40	0.00	0.00
111.90	34.90	33.20	29.40	25.70	69.50	2.40	0.00	0.00
112.00	34.90	33.20	29.40	25.70	69.50	2.40	0.00	0.00
112.10	34.90	33.20	29.40	25.70	69.50	3.00	0.00	0.00
112.20	34.90	33.20	29.40	25.70	69.50	3.00	0.00	0.00
112.30	34.90	33.20	29.40	25.70	69.50	2.30	0.00	0.00
112.40	34.90	33.20	29.40	25.50	69.50	2.30	0.00	0.00
112.50	34.90	33.20	29.40	25.50	69.30	2.60	0.00	0.00
112.60	34.90	33.20	29.40	25.50	69.30	2.60	0.00	0.00
112.70	34.90	33.20	29.40	25.50	69.80	2.60	0.00	0.00
112.80	34.90	33.20	29.40	25.50	69.50	2.60	0.00	0.00
112.90	34.70	33.30	29.40	25.60	69.50	2.60	0.00	0.00
113.00	34.70	33.30	29.40	25.60	69.60	2.60	0.00	0.00
113.10	34.70	33.30	29.40	25.60	69.80	2.70	0.00	0.00
113.20	34.60	33.10	29.30	25.60	69.80	2.70	0.00	0.00
113.30	34.60	33.10	29.30	25.60	69.50	2.30	0.00	0.00
113.40	34.70	33.20	29.40	25.60	69.50	2.30	0.00	0.00
113.50	34.70	33.20	29.40	25.60	69.30	2.60	0.00	0.00
113.60	34.70	33.20	29.40	25.60	69.30	2.40	0.00	0.00
113.70	34.90	33.30	29.40	25.70	69.30	2.40	0.00	0.00
113.80	34.90	33.30	29.40	25.70	69.30	2.40	0.00	0.00
113.90	34.80	33.30	29.40	25.70	69.30	2.40	0.00	0.00
114.00	34.80	33.30	29.40	25.70	69.90	2.70	0.00	0.00
114.10	34.80	33.30	29.40	25.70	69.50	2.30	0.00	0.00
114.20	34.70	33.20	29.30	25.60	69.50	2.30	0.00	0.00
114.30	34.70	33.20	29.30	25.60	69.50	2.40	0.00	0.00
114.40	34.70	33.20	29.40	25.60	69.50	2.40	0.00	0.00
114.50	34.70	33.20	29.40	25.60	69.30	2.30	0.00	0.00
114.60	34.70	33.20	29.40	25.60	69.60	2.70	0.00	0.00
114.70	34.70	33.20	29.40	25.70	69.60	2.70	0.00	0.00
114.80	34.70	33.20	29.40	25.70	69.50	2.40	0.00	0.00
114.90	34.80	33.20	29.50	25.70	69.50	2.40	0.00	0.00
115.00	34.80	33.20	29.50	25.70	69.60	2.70	0.00	0.00
115.10	34.80	33.20	29.50	25.70	69.50	2.90	0.00	0.00
115.20	34.70	33.20	29.40	25.60	69.50	2.90	0.00	0.00
115.30	34.70	33.20	29.40	25.60	69.50	2.70	0.00	0.00
115.40	34.70	33.20	29.40	25.60	69.50	2.70	0.00	0.00
115.50	34.60	33.20	29.40	25.60	69.60	2.70	0.00	0.00
115.60	34.60	33.20	29.40	25.60	69.60	2.70	0.00	0.00
115.70	34.60	33.20	29.40	25.60	69.60	2.70	0.00	0.00
115.80	34.70	33.10	29.50	25.70	69.60	2.70	0.00	0.00
115.90	34.70	33.10	29.50	25.70	69.30	2.40	0.00	0.00
116.00	34.70	33.30	29.50	25.60	69.30	2.40	0.00	0.00
116.10	34.70	33.30	29.50	25.60	69.00	2.30	0.00	0.00
116.20	34.70	33.30	29.50	25.60	69.50	2.30	0.00	0.00
116.30	34.70	33.20	29.40	25.60	69.50	2.30	0.00	0.00
116.40	34.70	33.20	29.40	25.60	69.50	2.30	0.00	0.00
116.50	34.70	33.20	29.40	25.60	69.60	2.60	0.00	0.00
116.60	34.60	33.20	29.30	25.50	69.00	2.30	0.00	0.00
116.70	34.60	33.20	29.30	25.50	69.00	2.30	0.00	0.00
116.80	34.60	33.20	29.30	25.50	69.60	2.60	0.00	0.00
116.90	34.60	33.10	29.40	25.60	69.60	2.60	0.00	0.00
117.00	34.60	33.10	29.40	25.60	69.50	2.60	0.00	0.00
117.10	34.60	33.10	29.40	25.60	69.80	2.70	0.00	0.00
117.20	34.60	33.10	29.40	25.60	69.80	2.70	0.00	0.00
117.30	34.60	33.10	29.40	25.60	69.50	2.70	0.00	0.00
117.40	34.60	33.10	29.40	25.60	69.50	2.70	0.00	0.00
117.50	34.60	33.10	29.30	25.60	69.00	2.60	0.00	0.00
117.60	34.60	33.10	29.30	25.60	69.00	2.60	0.00	0.00
117.70	34.60	33.10	29.40	25.60	69.00	2.60	0.00	0.00
117.80	34.60	33.10	29.40	25.60	69.00	2.60	0.00	0.00
117.90	34.60	33.10	29.40	25.60	69.60	2.30	0.00	0.00
118.00	34.60	33.20	29.50	25.60	69.60	2.30	0.00	0.00
118.10	34.60	33.20	29.50	25.60	69.60	2.70	0.00	0.00
118.20	34.60	33.20	29.50	25.60	69.30	2.60	0.00	0.00
118.30	34.60	33.20	29.50	25.70	69.30	2.60	0.00	0.00
118.40	34.60	33.20	29.50	25.70	69.60	2.10	0.00	0.00
118.50	34.60	33.20	29.50	25.70	69.60	2.10	0.00	0.00
118.60	34.80	33.30	29.40	25.60	69.30	2.60	0.00	0.00
118.70	34.80	33.30	29.40	25.60	69.30	2.60	0.00	0.00
118.80	34.70	33.20	29.40	25.70	69.30	2.60	0.00	0.00
118.90	34.70	33.20	29.40	25.70	69.30	2.90	0.00	0.00
119.00	34.70	33.20	29.40	25.70	69.30	2.90	0.00	0.00
119.10	34.70	33.10	29.50	25.60	69.20	2.60	0.00	0.00
119.20	34.70	33.10	29.50	25.60	69.20	2.60	0.00	0.00
119.30	34.70	33.10	29.50	25.60	69.20	2.70	0.00	0.00
119.40	34.60	33.10	29.40	25.70	69.20	2.70	0.00	0.00
119.50	34.60	33.10	29.40	25.70	69.20	2.70	0.00	0.00
119.60	34.70	33.30	29.40	25.70	69.20	2.70	0.00	0.00
119.70	34.70	33.30	29.40	25.70	69.20	2.70	0.00	0.00
119.80	34.70	33.30	29.40	25.70	68.90	2.60	0.00	0.00
119.90	34.60	33.20	29.40	25.70	69.50	2.30	0.00	0.00
120.00	34.60	33.20	29.40	25.70	69.50	2.30	0.00	0.00
120.10	34.60	33.20	29.40	25.70	69.30	2.10	0.00	0.00
120.20	34.60	33.20	29.40	25.70	69.30	2.10	0.00	0.00
120.30	34.50	33.10	29.30	25.60	69.30	2.10	0.00	0.00
120.40	34.50	33.10	29.30	25.60	69.30	2.30	0.00	0.00
120.50	34.60	33.10	29.50	25.60	69.30	2.30	0.00	0.00
120.60	34.60	33.10	29.50	25.60	69.60	2.70	0.00	0.00
120.70	34.60	33.10	29.50	25.60	69.80	2.40	0.00	0.00
120.80	34.50	33.30	29.40	25.60	69.80	2.40	0.00	0.00
120.90	34.50	33.30	29.40	25.60	67.90	2.70	0.00	0.00
121.00	34.60	33.20	29.40	25.60	67.90	2.70	0.00	0.00
121.10	34.60	33.20	29.40	25.60	69.20	2.30	0.00	0.00
121.20	34.60	33.20	29.40	25.60	69.20	2.30	0.00	0.00
121.30	34.50	33.10	29.40	25.60	69.30	3.00	0.00	0.00
121.40	34.50	33.10	29.40	25.60	69.30	3.00	0.00	0.00
121.50	34.50	33.10	29.50	25.70	69.60	0.40	0.00	0.00
121.60	34.50	33.10	29.50	25.70	69.60	0.40	0.00	0.00
121.70	34.50	33.10	29.50	25.70	69.60	0.40	0.00	0.00
121.80	34.50	33.10	29.50	25.60	69.60	0.40	0.00	0.00
121.90	34.50	33.10	29.50	25.60	68.70	2.60	0.00	0.00
122.00	34.50	33.10	29.50	25.60	69.00	2.30	0.00	0.00
122.10	34.60	33.40	29.50	25.70	69.00	2.30	0.00	0.00
122.20	34.60	33.40	29.50	25.70	69.50	0.70	0.00	0.00
122.30	34.60	33.40	29.50	25.70	69.50	0.70	0.00	0.00
122.40	34.70	33.20	29.40	25.70	69.60	0.60	0.00	0.00
122.50	34.70	33.20	29.40	25.70	69.50	2.70	0.00	0.00
122.60	34.70	33.20	29.40	25.70	69.50	2.70	0.00	0.00
122.70	34.60	33.20	29.40	25.70	69.20	2.40	0.00	0.00
122.80	34.60	33.20	29.40	25.70	69.20	2.40	0.00	0.00
122.90	34.60	33.20	29.40	25.70	69.50	2.70	0.00	0.00
123.00	34.50	33.10	29.40	25.60	69.50	2.10	0.00	0.00
123.10	34.50	33.10	29.40	25.60	69.50	2.10	0.00	0.00
123.20	34.50	33.10	29.40	25.60	69.60	2.70	0.00	0.00
123.30	34.40	33.20	29.40	25.50	69.60	2.70	0.00	0.00
123.40	34.40	33.20	29.40	25.50	69.20	2.40	0.00	0.00
123.50	34.60	33.10	29.50	25.60	69.20	2.40	0.00	0.00
123.60	34.60	33.10	29.50	25.60	69.20	2.40	0.00	0.00
123.70	34.50	33.20	29.40	25.60	69.20	2.70	0.00	0.00
123.80	34.50	33.20	29.40	25.60	69.20	2.70	0.00	0.00
123.90	34.50	33.20	29.40	25.60	69.20	2.40	0.00	0.00
124.00	34.60	33.20	29.40	25.60	69.20	2.40	0.00	0.00
124.10	34.60	33.20	29.40	25.60	68.60	2.60	0.00	0.00
124.20	34.60	33.20	29.40	25.60	69.60	2.60	0.00	0.00
124.30	34.60	33.20	29.30	25.60	69.60	2.60	0.00	0.00
124.40	34.60	33.20	29.30	25.60	68.60	2.60	0.00	0.00
124.50	34.60	33.20	29.30	25.60	69.20	2.60	0.00	0.00
124.60	34.50	33.20	29.40	25.60	69.50	2.70	0.00	0.00
124.70	34.50	33.20	29.40	25.60	69.50	2.70	0.00	0.00
124.80	34.60	33.10	29.30	25.60	69.60	2.90	0.00	0.00
124.90	34.60	33.10	29.30	25.60	69.60	2.90	0.00	0.00
125.00	34.60	33.10	29.30	25.60	69.00	2.10	0.00	0.00
125.10	34.50	33.20	29.50	25.60	68.70	2.60	0.00	0.00
125.20	34.50	33.20	29.50	25.60	68.70	2.60	0.00	0.00
125.30	34.50	33.20	29.50	25.60	68.70	2.60	0.00	0.00
125.40	34.50	33.20	29.50	25.60	68.70	2.60	0.00	0.00
125.50	34.40	33.00	29.40	25.60	69.60	2.90	0.00	0.00
125.60	34.40	33.00	29.40	25.60	69.60	2.90	0.00	0.00
125.70	34.40	33.00	29.40	25.60	69.30	2.30	0.00	0.00
125.80	34.50	33.10	29.40	25.60	69.30	2.30	0.00	0.00
125.90	34.50	33.10	29.40	25.60	69.50	1.30	0.00	0.00
126.00	34.40	32.90	29.30	25.50	69.50	1.30	0.00	0.00
126.10	34.40	32.90	29.30	25.50	69.30	2.60	0.00	0.00
126.20	34.40	32.90	29.30	25.50	69.30	2.10	0.00	0.00
126.30	34.40	33.20	29.50	25.60	69.20	2.30	0.00	0.00
126.40	34.40	33.20	29.50	25.60	69.20	2.30	0.00	0.00
126.50	34.40	33.00	29.40	25.50	69.50	2.90	0.00	0.00
126.60	34.40	33.00	29.40	25.50	69.50	2.90	0.00	0.00
126.70	34.40	33.00	29.40	25.50	69.20	2.40	0.00	0.00
126.80	34.50	33.00	29.30	25.60	69.30	2.70	0.00	0.00
126.90	34.50	33.00	29.30	25.60	69.30	2.70	0.00	0.00
127.00	34.50	33.00	29.30	25.60	69.30	2.40	0.00	0.00
127.10	34.50	33.10	29.40	25.60	69.30	2.40	0.00	0.00
127.20	34.50	33.10	29.40	25.60	69.30	2.40	0.00	0.00
127.30	34.50	33.10	29.40	25.60	69.30	2.40	0.00	0.00
127.40	34.40	33.10	29.40	25.60	68.90	2.10	0.00	0.00
127.50	34.40	33.10	29.40	25.60	69.90	2.40	0.00	0.00
127.60	34.40	33.10	29.40	25.60	69.90	2.40	0.00	0.00
127.70	34.60	33.30	29.50	25.70	69.00	2.30	0.00	0.00
127.80	34.60	33.30	29.50	25.70	69.00	2.30	0.00	0.00
127.90	34.60	33.30	29.50	25.70	69.90	2.10	0.00	0.00
128.00	34.40	33.20	29.40	25.60	69.90	2.10	0.00	0.00
128.10	34.40	33.20	29.40	25.60	69.30	2.40	0.00	0.00
128.20	34.40	33.20	29.40	25.60	69.30	2.40	0.00	0.00
128.30	34.40	33.10	29.30	25.60	69.20	2.60	0.00	0.00
128.40	34.40	33.10	29.30	25.60	69.60	2.30	0.00	0.00
128.50	34.40	33.10	29.30	25.60	69.60	2.30	0.00	0.00
128.60	34.30	33.10	29.40	25.50	70.10	2.60	0.00	0.00
128.70	34.30	33.10	29.40	25.50	69.20	2.40	0.00	0.00
128.80	34.30	33.10	29.40	25.50	69.20	2.40	0.00	0.00
128.90	34.40	33.00	29.30	25.60	69.20	2.40	0.00	0.00
129.00	34.40	33.00	29.30	25.60	69.20	2.40	0.00	0.00
129.10	34.40	33.00	29.30	25.60	69.20	2.40	0.00	0.00
129.20	34.40	33.10	29.40	25.60	69.20	2.40	0.00	0.00
129.30	34.40	33.10	29.40	25.60	69.30	2.70	0.00	0.00
129.40	34.40	33.10	29.40	25.60	69.30	2.70	0.00	0.00
129.50	34.40	33.20	29.40	25.70	68.70	2.30	0.00	0.00
129.60	34.40	33.20	29.40	25.70	68.70	2.30	0.00	0.00
129.70	34.40	33.20	29.40	25.70	69.80	2.40	0.00	0.00
129.80	34.40	33.00	29.40	25.50	69.00	2.60	0.00	0.00
129.90	34.40	33.00	29.40	25.50	69.00	2.60	0.00	0.00
130.00	34.40	33.00	29.40	25.50	69.30	2.40	0.00	0.00
130.10	34.30	33.10	29.30	25.60	69.30	2.40	0.00	0.00
130.20	34.30	33.10	29.30	25.60	69.60	2.70	0.00	0.00
130.30	34.30	33.10	29.30	25.60	69.60	2.70	0.00	0.00
130.40	34.40	33.10	29.50	25.70	69.50	1.30	0.00	0.00
130.50	34.40	33.10	29.50	25.70	69.50	1.30	0.00	0.00
130.60	34.40	33.10	29.50	25.70	68.90	2.60	0.00	0.00
130.70	34.50	33.20	29.50	25.60	68.90	2.60	0.00	0.00
130.80	34.50	33.20	29.50	25.60	69.50	2.60	0.00	0.00
130.90	34.40	33.20	29.40	25.80	69.50	2.60	0.00	0.00
131.00	34.40	33.20	29.40	25.80	69.30	2.30	0.00	0.00
131.10	34.40	33.20	29.40	25.80	69.30	2.30	0.00	0.00
131.20	34.30	33.10	29.40	25.60	69.30	2.30	0.00	0.00
131.30	34.30	33.10	29.40	25.60	69.30	2.30	0.00	0.00
131.40	34.30	33.10	29.40	25.60	69.20	2.60	0.00	0.00
131.50	34.40	33.20	29.40	25.60	69.20	2.60	0.00	0.00
131.60	34.40	33.20	29.40	25.60	69.60	2.40	0.00	0.00
131.70	34.40	33.20	29.40	25.60	69.30	2.60	0.00	0.00
131.80	34.30	33.10	29.20	25.60	69.30	2.60	0.00	0.00
131.90	34.30	33.10	29.20	25.60	69.30	2.40	0.00	0.00
132.00	34.30	33.10	29.20	25.60	69.30	2.40	0.00	0.00
132.10	34.30	33.20	29.40	25.60	69.30	2.90	0.00	0.00
132.20	34.30	33.20	29.40	25.60	69.60	2.10	0.00	0.00
132.30	34.30	33.20	29.40	25.60	69.60	2.10	0.00	0.00
132.40	34.40	33.10	29.40	25.60	69.50	2.60	0.00	0.00
132.50	34.40	33.10	29.40	25.60	69.50	2.60	0.00	0.00
132.60	34.40	33.10	29.40	25.60	69.50	2.30	0.00	0.00
132.70	34.30	33.10	29.30	25.60	69.00	2.40	0.00	0.00
132.80	34.30	33.10	29.30	25.60	69.00	2.40	0.00	0.00
132.90	34.30	33.10	29.30	25.60	70.10	2.60	0.00	0.00
133.00	34.30	33.20	29.50	25.60	70.10	2.60	0.00	0.00
133.10	34.30	33.20	29.50	25.60	70.10	2.60	0.00	0.00
133.20	34.40	33.10	29.40	25.60	70.10	2.60	0.00	0.00
133.30	34.40	33.10	29.40	25.60	69.30	2.90	0.00	0.00
133.40	34.40	33.10	29.40	25.60	69.30	2.90	0.00	0.00
133.50	34.40	33.10	29.30	25.70	70.30	2.30	0.00	0.00
133.60	34.40	33.10	29.30	25.70	69.30	2.70	0.00	0.00
133.70	34.40	33.10	29.30	25.70	69.30	2.70	0.00	0.00
133.80	34.40	33.00	29.50	25.60	69.60	2.70	0.00	0.00
133.90	34.40	33.00	29.50	25.60	69.60	2.70	0.00	0.00
134.00	34.40	33.00	29.50	25.60	69.50	3.00	0.00	0.00
134.10	34.40	33.20	29.40	25.70	69.50	3.00	0.00	0.00
134.20	34.40	33.20	29.40	25.70	69.50	2.90	0.00	0.00
134.30	34.40	33.20	29.40	25.70	69.50	2.40	0.00	0.00
134.40	34.30	33.20	29.40	25.70	69.50	2.40	0.00	0.00
134.50	34.30	33.20	29.40	25.70	69.20	2.60	0.00	0.00
134.60	34.30	33.20	29.40	25.70	69.20	2.60	0.00	0.00
134.70	34.20	33.10	29.40	25.50	69.20	2.40	0.00	0.00
134.80	34.20	33.10	29.40	25.50	69.20	2.40	0.00	0.00
134.90	34.20	33.10	29.40	25.50	69.30	2.40	0.00	0.00
135.00	34.30	33.10	29.50	25.60	69.30	2.40	0.00	0.00
135.10	34.30	33.10	29.50	25.60	69.30	2.40	0.00	0.00
135.20	34.30	33.10	29.50	25.60	69.30	2.40	0.00	0.00
135.30	34.40	33.20	29.50	25.70	69.00	2.30	0.00	0.00
135.40	34.40	33.20	29.50	25.70	69.00	2.60	0.00	0.00
135.50	34.40	33.20	29.50	25.70	69.00	2.60	0.00	0.00
135.60	34.40	33.20	29.40	25.60	69.60	2.40	0.00	0.00
135.70	34.40	33.20	29.40	25.60	69.60	2.40	0.00	0.00
135.80	34.40	33.20	29.40	25.60	69.30	1.90	0.00	0.00
135.90	34.20	33.00	29.40	25.50	69.30	1.90	0.00	0.00
136.00	34.20	33.00	29.40	25.50	68.70	2.40	0.00	0.00
136.10	34.20	33.00	29.40	25.50	68.70	2.40	0.00	0.00
136.20	34.30	33.20	29.40	25.60	69.20	2.40	0.00	0.00
136.30	34.30	33.20	29.40	25.60	69.20	2.40	0.00	0.00
136.40	34.30	33.20	29.40	25.60	69.00	2.30	0.00	0.00
136.50	34.30	33.00	29.30	25.60	69.00	2.30	0.00	0.00
136.60	34.30	33.00	29.30	25.60	69.60	2.90	0.00	0.00
136.70	34.30	33.00	29.30	25.60	69.60	2.90	0.00	0.00
136.80	34.30	32.90	29.40	25.60	69.00	2.60	0.00	0.00
136.90	34.30	32.90	29.40	25.60	69.00	2.30	0.00	0.00
137.00	34.30	32.90	29.40	25.60	69.00	2.30	0.00	0.00
137.10	34.40	33.20	29.50	25.70	69.00	2.30	0.00	0.00
137.20	34.40	33.20	29.50	25.70	69.00	2.30	0.00	0.00
137.30	34.40	33.20	29.50	25.70	69.30	2.40	0.00	0.00
137.40	34.20	33.00	29.40	25.50	69.30	2.40	0.00	0.00
137.50	34.20	33.00	29.40	25.50	69.60	3.00	0.00	0.00
137.60	34.30	33.20	29.50	25.70	69.60	3.00	0.00	0.00
137.70	34.30	33.20	29.50	25.70	69.20	2.40	0.00	0.00
137.80	34.30	33.20	29.50	25.70	68.90	2.60	0.00	0.00
137.90	34.30	33.10	29.40	25.60	68.90	2.60	0.00	0.00
138.00	34.30	33.10	29.40	25.60	69.50	2.60	0.00	0.00
138.10	34.30	33.10	29.40	25.60	69.50	2.60	0.00	0.00
138.20	34.30	33.10	29.30	25.60	69.00	2.40	0.00	0.00
138.30	34.30	33.10	29.30	25.60	69.20	3.00	0.00	0.00
138.40	34.30	33.10	29.30	25.60	69.20	3.00	0.00	0.00
138.50	34.20	33.00	29.40	25.60	69.30	2.60	0.00	0.00
138.60	34.20	33.00	29.40	25.60	69.30	2.60	0.00	0.00
138.70	34.20	33.00	29.40	25.60	67.20	2.40	0.00	0.00
138.80	34.20	33.10	29.40	25.50	67.20	2.40	0.00	0.00
138.90	34.20	33.10	29.40	25.50	68.90	2.30	0.00	0.00
139.00	34.20	33.10	29.40	25.50	68.90	2.30	0.00	0.00
139.10	34.30	33.00	29.40	25.70	68.90	2.30	0.00	0.00
139.20	34.30	33.00	29.40	25.70	68.90	2.30	0.00	0.00
139.30	34.30	33.00	29.40	25.70	68.90	2.60	0.00	0.00
139.40	34.40	33.20	29.50	25.60	69.80	1.30	0.00	0.00
139.50	34.40	33.20	29.50	25.60	69.80	1.30	0.00	0.00
139.60	34.40	33.20	29.50	25.60	69.80	2.70	0.00	0.00
139.70	34.20	33.00	29.40	25.50	69.80	2.70	0.00	0.00
139.80	34.20	33.00	29.40	25.50	69.30	2.40	0.00	0.00
139.90	34.30	33.10	29.50	25.60	69.30	2.40	0.00	0.00
140.00	34.30	33.10	29.50	25.60	69.00	2.40	0.00	0.00
140.10	34.30	33.10	29.50	25.60	69.30	2.40	0.00	0.00
140.20	34.30	33.10	29.50	25.60	69.30	2.40	0.00	0.00
140.30	34.20	33.10	29.40	25.60	69.30	0.60	0.00	0.00
140.40	34.20	33.10	29.40	25.60	69.30	0.60	0.00	0.00
140.50	34.20	33.10	29.40	25.60	69.30	0.60	0.00	0.00
140.60	34.30	33.20	29.40	25.70	69.20	2.40	0.00	0.00
140.70	34.30	33.20	29.40	25.70	69.20	2.40	0.00	0.00
140.80	34.30	33.20	29.40	25.70	69.30	2.70	0.00	0.00
140.90	34.30	33.10	29.40	25.50	69.30	2.60	0.00	0.00
141.00	34.30	33.10	29.40	25.50	69.30	2.60	0.00	0.00
141.10	34.20	33.10	29.40	25.70	69.30	2.60	0.00	0.00
141.20	34.20	33.10	29.40	25.70	69.30	2.60	0.00	0.00
141.30	34.20	33.10	29.40	25.70	69.20	2.60	0.00	0.00
141.40	34.10	33.00	29.30	25.60	69.20	2.60	0.00	0.00
141.50	34.10	33.00	29.30	25.60	69.00	2.40	0.00	0.00
141.60	34.10	33.00	29.30	25.60	69.30	2.40	0.00	0.00
141.70	34.20	33.00	29.40	25.70	69.30	2.40	0.00	0.00
141.80	34.20	33.00	29.40	25.70	69.00	2.10	0.00	0.00
141.90	34.20	33.00	29.40	25.70	69.00	2.10	0.00	0.00
142.00	34.10	33.00	29.40	25.60	68.90	2.70	0.00	0.00
142.10	34.10	33.00	29.40	25.60	68.90	2.70	0.00	0.00
142.20	34.10	33.00	29.40	25.60	69.30	2.10	0.00	0.00
142.30	34.20	33.20	29.50	25.70	69.50	2.30	0.00	0.00
142.40	34.20	33.20	29.50	25.70	69.50	2.30	0.00	0.00
142.50	34.20	33.20	29.50	25.70	68.90	2.60	0.00	0.00
142.60	34.10	33.10	29.30	25.50	68.90	2.60	0.00	0.00
142.70	34.10	33.10	29.30	25.50	69.50	2.90	0.00	0.00
142.80	34.10	33.10	29.30	25.50	69.50	2.90	0.00	0.00
142.90	34.30	33.20	29.60	25.60	69.60	2.70	0.00	0.00
143.00	34.30	33.20	29.60	25.60	69.60	2.70	0.00	0.00
143.10	34.30	33.20	29.60	25.60	69.60	2.70	0.00	0.00
143.20	34.00	33.00	29.30	25.50	69.00	2.60	0.00	0.00
143.30	34.00	33.00	29.30	25.50	69.00	2.60	0.00	0.00
143.40	34.00	33.00	29.30	25.50	69.50	2.60	0.00	0.00
143.50	34.10	33.00	29.30	25.60	69.50	2.60	0.00	0.00
143.60	34.10	33.00	29.30	25.60	69.90	1.80	0.00	0.00
143.70	34.10	33.10	29.30	25.70	69.90	1.80	0.00	0.00
143.80	34.10	33.10	29.30	25.70	69.20	2.40	0.00	0.00
143.90	34.10	33.10	29.30	25.70	69.20	2.40	0.00	0.00
144.00	34.20	33.10	29.40	25.50	69.50	2.30	0.00	0.00
144.10	34.20	33.10	29.40	25.50	69.30	2.70	0.00	0.00
144.20	34.20	33.10	29.40	25.50	69.30	2.70	0.00	0.00
144.30	34.20	33.20	29.50	25.70	69.30	2.30	0.00	0.00
144.40	34.20	33.20	29.50	25.70	69.30	2.30	0.00	0.00
144.50	34.20	33.20	29.50	25.70	69.80	2.10	0.00	0.00
144.60	34.20	33.10	29.40	25.70	69.80	2.10	0.00	0.00
144.70	34.20	33.10	29.40	25.70	69.00	2.60	0.00	0.00
144.80	34.20	33.10	29.40	25.70	69.00	2.60	0.00	0.00
144.90	34.20	33.10	29.40	25.60	69.60	2.30	0.00	0.00
145.00	34.20	33.10	29.40	25.60	69.60	2.30	0.00	0.00
145.10	34.20	33.10	29.40	25.60	69.60	2.30	0.00	0.00
145.20	34.00	33.00	29.40	25.60	69.60	2.30	0.00	0.00
145.30	34.00	33.00	29.40	25.60	69.00	2.70	0.00	0.00
145.40	34.00	33.00	29.40	25.60	69.00	2.70	0.00	0.00
145.50	34.20	33.20	29.40	25.70	69.30	3.00	0.00	0.00
145.60	34.20	33.20	29.40	25.70	69.30	3.00	0.00	0.00
145.70	34.20	33.20	29.40	25.70	69.30	2.40	0.00	0.00
145.80	34.20	33.20	29.40	25.70	69.30	2.40	0.00	0.00
145.90	34.20	33.20	29.40	25.70	69.30	3.60	0.00	0.00
146.00	34.20	33.20	29.40	25.70	69.30	3.60	0.00	0.00
146.10	34.00	33.00	29.30	25.50	69.30	2.90	0.00	0.00
146.20	34.00	33.00	29.30	25.50	69.30	2.90	0.00	0.00
146.30	34.00	33.00	29.30	25.50	69.50	1.90	0.00	0.00
146.40	34.20	33.20	29.60	25.70	69.50	1.90	0.00	0.00
146.50	34.20	33.20	29.60	25.70	69.50	2.10	0.00	0.00
146.60	34.20	33.20	29.60	25.70	69.60	2.40	0.00	0.00
146.70	34.00	33.00	29.40	25.50	69.60	2.40	0.00	0.00
146.80	34.00	33.00	29.40	25.50	69.50	2.10	0.00	0.00
146.90	34.00	33.00	29.40	25.60	69.50	2.10	0.00	0.00
147.00	34.00	33.00	29.40	25.60	69.50	2.30	0.00	0.00
147.10	34.00	33.00	29.40	25.60	69.50	2.30	0.00	0.00
147.20	34.10	33.20	29.40	25.60	69.50	2.30	0.00	0.00
147.30	34.10	33.20	29.40	25.60	69.50	2.30	0.00	0.00
147.40	34.10	33.20	29.40	25.60	69.20	2.30	0.00	0.00
147.50	34.20	33.20	29.50	25.80	69.20	2.30	0.00	0.00
147.60	34.20	33.20	29.50	25.80	69.50	3.30	0.00	0.00
147.70	34.10	33.10	29.40	25.80	69.50	3.30	0.00	0.00
147.80	34.10	33.10	29.40	25.80	69.60	2.90	0.00	0.00
147.90	34.10	33.10	29.40	25.80	69.60	2.90	0.00	0.00
148.00	34.20	33.20	29.50	25.70	69.00	2.30	0.00	0.00
148.10	34.20	33.20	29.50	25.70	69.20	2.40	0.00	0.00
148.20	34.20	33.20	29.50	25.70	69.20	2.40	0.00	0.00
148.30	34.00	33.00	29.30	25.50	69.00	2.60	0.00	0.00
148.40	34.00	33.00	29.30	25.50	69.00	2.60	0.00	0.00
148.50	34.00	33.00	29.30	25.50	69.00	2.40	0.00	0.00
148.60	34.00	33.00	29.30	25.60	69.00	2.40	0.00	0.00
148.70	34.00	33.00	29.30	25.60	69.50	2.40	0.00	0.00
148.80	34.00	33.00	29.30	25.60	69.20	2.90	0.00	0.00
148.90	34.10	33.00	29.40	25.60	69.20	2.90	0.00	0.00
149.00	34.10	33.00	29.40	25.60	68.70	2.70	0.00	0.00
149.10	34.20	33.20	29.40	25.70	68.70	2.70	0.00	0.00
149.20	34.20	33.20	29.40	25.70	68.70	2.70	0.00	0.00
149.30	34.10	33.20	29.50	25.80	68.70	2.70	0.00	0.00
149.40	34.10	33.20	29.50	25.80	69.80	2.60	0.00	0.00
149.50	34.10	33.20	29.50	25.80	69.00	2.30	0.00	0.00
149.60	34.00	33.10	29.40	25.70	69.00	2.30	0.00	0.00
149.70	34.00	33.10	29.40	25.70	69.30	2.60	0.00	0.00
149.80	34.10	33.10	29.50	25.70	69.30	2.60	0.00	0.00
149.90	34.10	33.10	29.50	25.70	69.00	2.70	0.00	0.00
150.00	34.00	33.00	29.40	25.60	69.00	2.70	0.00	0.00
150.10	34.00	33.00	29.40	25.60	69.50	2.70	0.00	0.00
150.20	34.00	33.00	29.40	25.60	69.50	2.70	0.00	0.00
150.30	34.10	33.00	29.30	25.60	69.50	2.40	0.00	0.00
150.40	34.10	33.00	29.30	25.60	69.50	2.40	0.00	0.00
150.50	34.00	33.00	29.30	25.60	69.60	2.40	0.00	0.00
150.60	34.00	33.00	29.30	25.60	69.60	2.40	0.00	0.00
150.70	34.00	33.00	29.30	25.60	69.20	2.60	0.00	0.00
150.80	34.00	33.10	29.40	25.70	69.20	2.40	0.00	0.00
150.90	34.00	33.10	29.40	25.70	69.20	2.40	0.00	0.00
151.00	34.00	33.10	29.40	25.70	69.00	2.40	0.00	0.00
151.10	34.10	33.10	29.40	25.50	69.00	2.40	0.00	0.00
151.20	34.10	33.10	29.40	25.50	69.00	2.40	0.00	0.00
151.30	34.10	33.10	29.40	25.60	69.00	2.40	0.00	0.00
151.40	34.10	33.10	29.40	25.60	69.30	2.70	0.00	0.00
151.50	34.10	33.10	29.40	25.60	69.20	2.10	0.00	0.00
151.60	34.10	33.10	29.40	25.60	69.20	2.10	0.00	0.00
151.70	34.10	33.10	29.40	25.60	69.50	2.60	0.00	0.00
151.80	34.00	33.10	29.40	25.60	69.50	2.60	0.00	0.00
151.90	34.00	33.10	29.40	25.60	69.20	2.30	0.00	0.00
152.00	34.00	33.10	29.40	25.60	69.00	2.30	0.00	0.00
152.10	34.00	33.10	29.30	25.60	69.00	2.30	0.00	0.00
152.20	34.00	33.10	29.30	25.60	68.90	2.30	0.00	0.00
152.30	34.00	33.10	29.30	25.60	69.60	2.60	0.00	0.00
152.40	34.10	33.10	29.30	25.60	69.60	2.60	0.00	0.00
152.50	34.10	33.10	29.30	25.60	68.70	3.00	0.00	0.00
152.60	34.10	33.10	29.30	25.60	68.70	3.00	0.00	0.00
152.70	34.00	33.00	29.40	25.60	69.50	2.70	0.00	0.00
152.80	34.00	33.00	29.40	25.60	69.30	2.60	0.00	0.00
152.90	34.00	33.00	29.40	25.60	69.30	2.60	0.00	0.00
153.00	34.10	33.20	29.40	25.70	69.30	2.60	0.00	0.00
153.10	34.10	33.20	29.40	25.70	69.30	2.60	0.00	0.00
153.20	34.10	33.20	29.40	25.70	69.30	2.70	0.00	0.00
153.30	34.00	33.10	29.40	25.60	69.30	2.70	0.00	0.00
153.40	34.00	33.10	29.40	25.60	69.00	2.10	0.00	0.00
153.50	34.00	33.00	29.40	25.50	69.00	2.10	0.00	0.00
153.60	34.00	33.00	29.40	25.50	69.30	2.70	0.00	0.00
153.70	34.00	33.00	29.40	25.50	69.20	2.40	0.00	0.00
153.80	33.90	33.10	29.50	25.60	69.20	2.40	0.00	0.00
153.90	33.90	33.10	29.50	25.60	69.20	2.10	0.00	0.00
154.00	33.90	33.10	29.50	25.60	69.20	2.10	0.00	0.00
154.10	34.10	33.10	29.40	25.60	69.30	2.40	0.00	0.00
154.20	34.10	33.10	29.40	25.60	69.60	2.30	0.00	0.00
154.30	34.10	33.10	29.40	25.60	69.60	2.30	0.00	0.00
154.40	34.00	33.20	29.50	25.60	69.50	2.30	0.00	0.00
154.50	34.00	33.20	29.50	25.60	68.90	2.70	0.00	0.00
154.60	34.00	33.20	29.50	25.60	68.90	2.70	0.00	0.00
154.70	34.00	33.20	29.50	25.70	68.90	2.60	0.00	0.00
154.80	34.00	33.20	29.50	25.70	68.90	2.60	0.00	0.00
154.90	34.00	33.20	29.50	25.70	68.90	2.60	0.00	0.00
155.00	34.00	33.00	29.30	25.60	68.90	2.60	0.00	0.00
155.10	34.00	33.00	29.30	25.60	69.00	2.10	0.00	0.00
155.20	34.00	33.00	29.30	25.80	69.50	2.60	0.00	0.00
155.30	34.00	33.00	29.30	25.80	69.50	2.60	0.00	0.00
155.40	34.00	33.00	29.30	25.80	69.80	2.30	0.00	0.00
155.50	34.10	33.20	29.40	25.70	69.80	2.30	0.00	0.00
155.60	34.10	33.20	29.40	25.70	69.60	2.40	0.00	0.00
155.70	34.10	33.20	29.40	25.70	69.50	2.40	0.00	0.00
155.80	33.90	33.00	29.30	25.50	69.50	2.40	0.00	0.00
155.90	33.90	33.00	29.30	25.50	69.50	2.30	0.00	0.00
156.00	33.90	33.00	29.30	25.50	69.80	2.70	0.00	0.00
156.10	34.00	33.10	29.40	25.60	69.80	2.70	0.00	0.00
156.20	34.00	33.10	29.40	25.60	69.60	2.30	0.00	0.00
156.30	34.00	33.10	29.50	25.70	69.20	2.90	0.00	0.00
156.40	34.00	33.10	29.50	25.70	69.20	2.90	0.00	0.00
156.50	34.00	33.10	29.50	25.70	69.00	2.60	0.00	0.00
156.60	34.00	33.00	29.50	25.70	69.00	2.60	0.00	0.00
156.70	34.00	33.00	29.50	25.70	69.00	2.60	0.00	0.00
156.80	34.00	33.00	29.50	25.70	69.00	2.60	0.00	0.00
156.90	33.90	33.10	29.40	25.60	68.90	2.40	0.00	0.00
157.00	33.90	33.10	29.40	25.60	69.30	2.40	0.00	0.00
157.10	33.90	33.10	29.40	25.60	69.30	2.40	0.00	0.00
157.20	33.90	33.10	29.50	25.60	69.20	2.10	0.00	0.00
157.30	33.90	33.10	29.50	25.60	69.50	2.30	0.00	0.00
157.40	33.90	33.10	29.50	25.60	69.50	2.30	0.00	0.00
157.50	33.90	33.10	29.50	25.70	69.20	2.40	0.00	0.00
157.60	33.90	33.10	29.50	25.70	69.60	2.60	0.00	0.00
157.70	33.90	33.10	29.50	25.70	69.60	2.60	0.00	0.00
157.80	34.00	33.10	29.40	25.70	69.20	2.40	0.00	0.00
157.90	34.00	33.10	29.40	25.70	69.20	2.40	0.00	0.00
158.00	34.00	33.10	29.40	25.70	69.60	2.30	0.00	0.00
158.10	33.80	33.10	29.40	25.70	69.60	2.30	0.00	0.00
158.20	33.80	33.10	29.40	25.70	69.20	2.60	0.00	0.00
158.30	34.00	33.00	29.40	25.70	69.20	2.60	0.00	0.00
158.40	34.00	33.00	29.40	25.70	69.30	2.60	0.00	0.00
158.50	34.10	33.10	29.40	25.70	69.30	2.60	0.00	0.00
158.60	34.10	33.10	29.40	25.70	69.30	2.60	0.00	0.00
158.70	34.10	33.10	29.40	25.70	69.30	2.40	0.00	0.00
158.80	34.00	33.00	29.40	25.70	69.30	2.40	0.00	0.00
158.90	34.00	33.00	29.40	25.70	69.80	2.60	0.00	0.00
159.00	34.00	33.00	29.40	25.70	69.60	2.30	0.00	0.00
159.10	34.00	33.20	29.30	25.70	69.60	2.30	0.00	0.00
159.20	34.00	33.20	29.30	25.70	68.70	2.60	0.00	0.00
159.30	34.10	33.10	29.50	25.80	69.00	2.60	0.00	0.00
159.40	34.10	33.10	29.50	25.80	69.00	2.60	0.00	0.00
159.50	34.10	33.10	29.50	25.80	69.20	2.60	0.00	0.00
159.60	33.80	33.10	29.40	25.70	69.20	2.60	0.00	0.00
159.70	33.80	33.10	29.40	25.70	69.30	2.60	0.00	0.00
159.80	33.90	33.00	29.40	25.70	69.30	2.60	0.00	0.00
159.90	33.90	33.00	29.40	25.70	69.30	2.40	0.00	0.00
160.00	33.90	33.00	29.40	25.70	69.60	2.70	0.00	0.00
160.10	34.00	33.10	29.50	25.60	69.60	2.70	0.00	0.00
160.20	34.00	33.10	29.50	25.60	69.60	2.70	0.00	0.00
160.30	34.00	33.10	29.50	25.60	69.30	2.60	0.00	0.00
160.40	34.00	33.10	29.40	25.80	69.30	2.60	0.00	0.00
160.50	34.00	33.10	29.40	25.80	69.30	2.60	0.00	0.00
160.60	34.00	33.10	29.40	25.80	69.30	1.90	0.00	0.00
160.70	33.90	33.00	29.30	25.70	69.30	1.90	0.00	0.00
160.80	33.90	33.00	29.30	25.70	69.00	2.70	0.00	0.00
160.90	33.80	33.10	29.50	25.60	69.50	2.10	0.00	0.00
161.00	33.80	33.10	29.50	25.60	69.50	2.10	0.00	0.00
161.10	33.80	33.10	29.50	25.60	69.50	2.60	0.00	0.00
161.20	33.90	33.00	29.40	25.50	69.50	2.60	0.00	0.00
161.30	33.90	33.00	29.40	25.50	68.90	2.30	0.00	0.00
161.40	33.90	33.00	29.40	25.50	69.00	2.30	0.00	0.00
161.50	34.00	33.00	29.50	25.70	69.00	2.30	0.00	0.00
161.60	34.00	33.00	29.50	25.70	69.60	2.90	0.00	0.00
161.70	34.00	33.00	29.50	25.70	69.60	2.90	0.00	0.00
161.80	33.80	33.10	29.40	25.70	69.30	2.70	0.00	0.00
161.90	33.80	33.10	29.40	25.70	69.20	2.90	0.00	0.00
162.00	33.80	33.10	29.40	25.70	69.20	2.90	0.00	0.00
162.10	33.90	33.20	29.40	25.60	69.20	2.40	0.00	0.00
162.20	33.90	33.20	29.40	25.60	69.20	2.40	0.00	0.00
162.30	33.90	33.20	29.40	25.60	69.20	2.40	0.00	0.00
162.40	33.90	33.20	29.40	25.60	69.20	2.40	0.00	0.00
162.50	33.80	32.90	29.30	25.60	69.00	2.40	0.00	0.00
162.60	33.80	32.90	29.30	25.60	69.00	2.40	0.00	0.00
162.70	33.90	33.10	29.50	25.70	69.30	2.30	0.00	0.00
162.80	33.90	33.10	29.50	25.70	69.30	2.30	0.00	0.00
162.90	33.90	33.10	29.50	25.70	69.50	2.90	0.00	0.00
163.00	33.70	33.00	29.30	25.60	69.50	2.90	0.00	0.00
163.10	33.70	33.00	29.30	25.60	69.20	2.40	0.00	0.00
163.20	33.70	33.00	29.30	25.60	69.20	2.40	0.00	0.00
163.30	33.90	33.00	29.40	25.60	69.50	2.30	0.00	0.00
163.40	33.90	33.00	29.40	25.60	69.00	2.40	0.00	0.00
163.50	33.90	33.00	29.40	25.60	69.00	2.40	0.00	0.00
163.60	33.70	33.00	29.30	25.60	69.30	2.40	0.00	0.00
163.70	33.70	33.00	29.30	25.60	69.30	2.40	0.00	0.00
163.80	33.70	33.00	29.30	25.60	69.30	2.70	0.00	0.00
163.90	33.90	33.00	29.50	25.60	69.30	2.70	0.00	0.00
164.00	33.90	33.00	29.50	25.60	69.20	2.70	0.00	0.00
164.10	33.90	33.00	29.50	25.60	69.20	2.70	0.00	0.00
164.20	33.80	32.90	29.40	25.60	69.00	2.40	0.00	0.00
164.30	33.80	32.90	29.40	25.60	69.00	2.40	0.00	0.00
164.40	33.80	32.90	29.40	25.60	69.00	2.40	0.00	0.00
164.50	33.90	33.00	29.50	25.70	69.00	2.40	0.00	0.00
164.60	33.90	33.00	29.50	25.70	69.30	2.90	0.00	0.00
164.70	33.90	33.00	29.50	25.70	69.30	2.90	0.00	0.00
164.80	33.90	33.10	29.40	25.70	69.30	2.60	0.00	0.00
164.90	33.90	33.10	29.40	25.70	69.30	2.60	0.00	0.00
165.00	33.90	33.10	29.40	25.70	69.30	2.60	0.00	0.00
165.10	33.90	33.00	29.40	25.70	69.50	2.40	0.00	0.00
165.20	33.90	33.00	29.40	25.70	69.50	2.60	0.00	0.00
165.30	33.90	33.00	29.40	25.70	69.50	2.60	0.00	0.00
165.40	33.80	32.90	29.40	25.50	69.30	2.70	0.00	0.00
165.50	33.80	32.90	29.40	25.50	69.30	2.70	0.00	0.00
